CaseID	VehicleNumber	AirbagNumber	OccupantNumber	SeatRow1	SeatLocation1	SeatRow2	SeatLocation2	AirbagLocation	AirbagStatus	AirbagType	Depowered	Deployment	AirbagFailure	SwitchType	SwitchStatus	FlapsOpen	FlapsDamaged	AirbagDamage	DamageSource	PriorCrashes	PriorMaintenance	CDC	ContactOther	PSU	PSUStrata	RATWeight
111003741	1	1	1	1	1	9	9	1	1	4	0	7	0	0	7	60	60	60	60	9	9	60	60	4	3	34.364
111003881	1	1	1	1	1	9	9	1	1	4	0	7	0	0	7	60	60	60	60	9	9	60	60	4	3	53.409
111003882	1	1	1	1	1	9	9	1	1	1	1	7	0	0	7	60	60	60	60	9	9	60	60	4	3	34.364
161005202	1	1	1	1	1	9	9	1	1	4	1	1	0	0	7	1	0	0	50	9	9	1	0	43	9	205.616
222004325	2	1	1	1	1	9	9	99	9	4	0	7	99	0	7	60	60	60	60	9	9	60	60	82	10	33.237
240006845	1	1	2	1	3	9	9	3	1	4	1	7	0	0	7	60	60	60	60	9	9	60	60	12	5	292.312
240006845	1	2	1	1	1	9	9	1	1	4	1	7	0	0	7	60	60	60	60	9	9	60	60	12	5	292.312
240006845	2	1	1	1	1	9	9	1	1	1	0	7	0	0	7	60	60	60	60	1	0	60	60	12	5	292.312
329005924	1	1	1	1	1	9	9	1	1	4	99	1	0	9	8	1	0	0	50	9	9	1	0	4	3	53.409
329005981	3	1	1	1	1	9	9	1	1	4	1	7	0	0	7	60	60	60	60	9	9	60	60	4	3	22.769
329005981	4	1	1	1	1	9	9	1	1	4	0	7	0	0	7	60	60	60	60	9	9	60	60	4	3	22.769
329005981	5	1	1	1	1	9	9	1	1	4	1	7	0	0	7	60	60	60	60	9	9	60	60	4	3	22.769
329005981	5	2	1	1	1	9	9	99	1	4	0	7	0	0	7	60	60	60	60	9	9	60	60	4	3	22.769
329005982	1	1	2	1	3	9	9	99	9	4	2	7	99	9	8	60	60	60	60	9	9	60	60	4	3	34.364
329005982	1	2	1	1	1	9	9	1	9	4	2	7	99	0	7	60	60	60	60	9	9	60	60	4	3	34.364
329005982	1	3	2	1	3	9	9	99	9	4	0	7	99	0	7	60	60	60	60	9	9	60	60	4	3	34.364
329005982	1	4	1	1	1	9	9	99	9	4	0	7	99	0	7	60	60	60	60	9	9	60	60	4	3	34.364
329006004	1	1	1	1	1	9	9	1	1	4	1	1	99	0	7	79	99	99	59	9	9	1	0	4	3	53.409
329006004	2	1	1	1	1	9	9	1	1	4	0	1	99	9	8	99	99	99	59	9	9	99	0	4	3	53.409
329006005	1	1	1	1	1	9	9	1	1	4	0	1	0	0	7	79	99	99	59	9	9	1	0	4	3	34.364
329006024	1	1	2	1	3	9	9	2	1	4	1	1	99	9	8	99	99	99	59	9	9	1	79	4	3	34.364
329006024	1	2	1	1	1	9	9	1	1	4	1	1	99	0	7	99	99	99	59	9	9	1	79	4	3	34.364
329006242	2	1	2	1	3	9	9	2	1	4	1	7	0	0	7	60	60	60	60	9	9	60	60	4	3	22.769
329006242	2	2	1	1	1	9	9	1	1	4	1	7	0	0	7	60	60	60	60	9	9	60	60	4	3	22.769
329006242	2	3	1	1	1	9	9	4	1	4	1	7	0	0	7	60	60	60	60	9	9	60	60	4	3	22.769
329006401	1	1	1	1	1	9	9	1	1	1	0	7	0	0	7	60	60	60	60	1	0	60	60	4	3	34.364
329006424	1	1	1	1	1	9	9	1	1	4	0	7	0	0	7	60	60	60	60	9	9	60	60	4	3	34.364
329006526	1	1	1	1	1	9	9	1	1	4	0	1	0	0	7	1	0	0	50	9	9	1	0	4	3	53.409
329006566	1	1	1	1	1	9	9	1	1	4	0	7	0	0	7	60	60	60	60	9	9	60	60	4	3	0
329006606	1	1	1	1	1	9	9	1	1	1	0	7	0	0	7	60	60	60	60	9	9	60	60	4	3	34.364
331005648	1	1	2	1	3	9	9	3	1	4	1	1	0	0	7	1	0	0	50	9	9	1	79	6	1	19.812
331005648	1	2	1	1	1	9	9	1	1	4	1	1	0	0	7	1	0	0	50	9	9	1	79	6	1	19.812
331005767	1	1	1	1	1	9	9	1	1	1	2	7	0	0	7	60	60	60	60	1	0	60	60	6	1	19.812
331005767	2	1	2	1	3	9	9	3	1	4	0	7	0	9	8	60	60	60	60	9	9	60	60	6	1	19.812
331005767	2	2	1	1	1	9	9	1	1	4	0	7	0	0	7	60	60	60	60	9	9	60	60	6	1	19.812
331005767	3	1	1	1	1	9	9	1	1	4	1	7	0	0	7	60	60	60	60	9	9	60	60	6	1	19.812
331006007	1	1	1	1	1	9	9	1	1	4	99	1	0	0	7	79	99	99	59	9	9	99	0	6	1	46.473
331006253	1	1	2	1	3	9	9	2	9	4	1	7	79	0	7	60	60	60	60	9	9	60	60	6	1	29.901
331006253	1	2	1	1	1	9	9	1	9	4	1	7	79	0	7	60	60	60	60	9	9	60	60	6	1	29.901
331006352	1	1	1	1	1	9	9	1	1	1	0	1	0	0	7	1	0	0	50	2	9	1	0	6	1	46.473
333006634	1	1	1	1	1	9	9	1	9	4	0	7	79	0	7	60	60	60	60	9	9	60	60	9	8	0
333006714	1	1	1	1	1	9	9	1	1	1	1	1	0	0	7	79	99	99	59	9	9	9	0	9	8	756.035
333006714	2	1	2	1	3	9	9	3	1	1	1	7	0	0	7	60	60	60	60	9	9	60	60	9	8	756.035
333006714	2	2	1	1	1	9	9	1	1	1	1	7	0	0	7	60	60	60	60	9	9	60	60	9	8	756.035
333006859	1	1	1	1	1	9	9	1	1	4	0	7	0	0	7	60	60	60	60	9	9	60	60	9	8	0
333006859	1	2	99	1	3	9	9	2	1	4	0	7	0	0	7	60	60	60	60	9	9	60	60	9	8	0
333007018	1	1	1	1	1	9	9	1	9	4	0	99	99	0	7	69	69	69	69	9	9	69	69	9	8	216.96
333007018	1	2	99	1	3	9	9	2	9	4	0	99	99	0	7	69	69	69	69	9	9	69	69	9	8	216.96
335006546	1	1	1	1	1	9	9	99	9	9	99	99	99	9	9	99	99	99	99	9	9	99	99	11	6	125.127
335006827	1	1	1	1	1	9	9	1	1	1	1	1	0	0	7	1	0	0	50	1	0	1	0	11	6	68.691
335006827	2	1	1	1	1	9	9	99	9	9	99	99	99	9	9	99	99	99	99	9	9	99	99	11	6	68.691
335006828	1	1	1	1	1	9	9	1	1	1	1	7	0	0	7	60	60	60	60	1	0	60	60	11	6	21.198
335006828	1	2	99	1	3	9	9	3	1	4	1	7	0	0	7	60	60	60	60	9	9	60	60	11	6	21.198
335006865	1	1	2	1	3	9	9	2	1	4	0	1	0	0	7	1	0	0	50	9	9	1	0	11	6	21.198
335006865	1	2	1	1	1	9	9	1	1	4	0	1	0	0	7	1	0	0	50	9	9	1	0	11	6	21.198
335007048	1	1	1	1	1	9	9	1	1	1	1	1	0	0	7	1	0	0	50	1	0	1	0	11	6	21.198
335007048	1	2	99	1	3	9	9	3	1	1	1	1	0	0	7	1	0	0	50	9	9	99	0	11	6	21.198
335007109	1	1	1	1	1	9	9	1	1	1	1	7	0	0	7	60	60	60	60	1	0	60	60	11	6	125.127
335007109	2	1	2	1	3	9	9	2	1	1	1	7	0	0	7	60	60	60	60	1	0	60	60	11	6	125.127
335007109	2	2	1	1	1	9	9	1	1	1	1	7	0	0	7	60	60	60	60	1	0	60	60	11	6	125.127
335007154	1	1	1	1	1	9	9	1	1	4	0	1	1	0	7	1	0	3	7	9	9	1	0	11	6	21.198
335007248	1	1	1	1	1	9	9	99	9	9	99	99	99	9	9	99	99	99	99	9	9	99	99	11	6	125.127
336006328	1	1	2	1	3	9	9	3	1	1	1	1	0	0	7	1	0	0	50	1	0	1	0	13	6	243.914
336006328	1	2	1	1	1	9	9	1	1	1	1	1	0	0	7	1	0	0	50	1	0	1	0	13	6	243.914
337006282	1	1	1	1	1	9	9	1	1	1	1	1	0	0	7	1	0	0	50	1	0	99	0	41	7	111.86
337006282	1	2	99	1	3	9	9	2	1	1	1	1	0	0	7	1	0	0	50	9	9	99	0	41	7	111.86
337006545	1	1	1	1	1	9	9	1	1	1	1	1	0	0	7	99	99	99	59	9	9	2	79	41	7	32.101
337006545	1	2	2	1	3	9	9	2	1	1	1	1	0	0	7	79	99	99	59	8	9	2	79	41	7	32.101
337006565	1	1	1	1	1	9	9	99	9	9	99	99	99	9	9	99	99	99	99	9	9	99	99	41	7	69.365
337006565	2	1	1	1	1	9	9	1	1	1	1	7	0	0	7	99	99	99	99	9	9	99	99	41	7	69.365
337006565	2	2	1	1	1	9	9	3	1	1	1	7	0	0	7	99	99	99	99	9	9	99	99	41	7	69.365
338007208	1	1	2	1	3	9	9	2	1	4	1	7	0	0	7	60	60	60	60	9	9	60	60	43	9	59.006
338007208	1	2	1	1	1	9	9	1	1	4	1	7	0	0	7	60	60	60	60	9	9	60	60	43	9	59.006
338007208	2	1	2	1	3	9	9	3	1	4	1	1	0	0	7	1	0	0	50	1	0	1	0	43	9	59.006
338007208	2	2	1	1	1	9	9	1	1	4	1	1	0	0	7	1	0	0	50	1	0	1	0	43	9	59.006
338007402	1	1	1	1	1	9	9	1	1	1	0	1	0	0	7	1	0	0	50	1	0	1	0	43	9	59.006
338007402	1	2	2	1	3	9	9	3	1	1	0	1	0	0	7	1	1	2	7	1	0	1	0	43	9	59.006
339006191	1	1	1	1	1	9	9	1	1	4	1	7	0	0	7	60	60	60	60	9	9	60	60	45	8	131.148
339006251	1	1	1	1	1	9	9	1	1	4	0	1	0	0	7	1	0	0	50	9	9	1	0	45	8	131.148
339006351	1	1	1	1	1	9	9	1	1	4	1	1	0	0	7	1	0	0	50	9	9	1	0	45	8	211.494
339006351	1	2	99	1	3	9	9	2	1	4	1	1	0	0	7	1	0	0	50	9	9	99	0	45	8	211.494
339006411	1	1	2	1	3	9	9	2	1	1	1	1	0	0	7	1	0	0	50	1	0	1	0	45	8	211.494
339006411	1	2	1	1	1	9	9	1	1	1	1	1	0	0	7	1	0	0	50	1	0	1	79	45	8	211.494
339006431	1	1	2	1	3	9	9	2	1	4	0	7	0	0	7	60	60	60	60	9	9	60	60	45	8	131.148
339006431	1	2	1	1	1	9	9	1	1	4	0	7	0	0	7	60	60	60	60	9	9	60	60	45	8	131.148
339006491	1	1	1	1	1	9	9	1	1	4	0	1	0	0	7	1	0	0	50	9	9	1	0	45	8	60.692
339006811	1	1	1	1	1	9	9	1	1	1	1	1	0	0	7	1	0	0	50	1	0	1	0	45	8	131.148
339006811	1	2	1	1	1	9	9	5	1	1	1	7	0	0	7	60	60	60	60	1	0	60	60	45	8	131.148
339006875	1	1	1	1	1	9	9	1	1	4	0	1	0	0	7	1	0	0	50	9	9	1	0	45	8	211.494
339006915	1	1	1	1	1	9	9	1	1	1	0	1	0	0	7	1	0	0	50	9	9	1	0	45	8	211.494
339006915	2	1	2	1	3	9	9	2	1	4	1	7	0	1	0	60	60	60	60	9	9	60	60	45	8	211.494
339006915	2	2	1	1	1	9	9	1	1	4	1	7	0	0	7	60	60	60	60	9	9	60	60	45	8	211.494
339006915	3	1	1	1	1	9	9	1	1	1	0	7	0	0	7	60	60	60	60	1	0	60	60	45	8	211.494
339006915	4	1	2	1	3	9	9	2	1	4	0	1	0	0	7	1	0	0	50	9	9	2	0	45	8	211.494
339006915	4	2	1	1	1	9	9	1	1	4	0	1	0	0	7	1	0	0	50	9	9	2	0	45	8	211.494
339006915	5	1	1	1	1	9	9	1	1	4	0	7	0	0	7	60	60	60	60	9	9	60	60	45	8	211.494
339006915	6	1	1	1	1	9	9	1	1	4	0	7	0	0	7	60	60	60	60	9	9	60	60	45	8	211.494
339006915	6	2	99	1	3	9	9	2	1	4	0	7	0	0	7	60	60	60	60	9	9	60	60	45	8	211.494
339006915	7	1	1	1	1	9	9	1	1	4	0	7	0	0	7	60	60	60	60	9	9	60	60	45	8	211.494
339006915	7	2	99	1	3	9	9	2	1	4	0	7	0	0	7	60	60	60	60	9	9	60	60	45	8	211.494
339006935	1	1	1	1	1	9	9	1	1	4	0	1	0	0	7	1	0	0	50	9	9	2	0	45	8	131.148
339006971	1	1	1	1	1	9	9	1	1	4	1	1	0	0	7	1	0	0	50	9	9	1	0	45	8	60.692
339007031	1	1	2	1	3	9	9	99	9	9	99	99	99	9	9	99	99	99	99	1	0	99	99	45	8	131.148
339007031	1	2	1	1	1	9	9	99	9	9	99	99	99	9	9	99	99	99	99	1	0	99	99	45	8	131.148
340006566	2	1	1	1	1	9	9	1	1	1	0	7	0	0	7	60	60	60	60	9	9	60	60	48	9	426.863
340006651	1	1	99	1	3	9	9	3	1	1	1	1	0	1	0	1	0	0	50	9	9	99	0	48	9	197.543
340006651	1	2	1	1	1	9	9	1	1	1	1	1	0	0	7	1	0	0	50	1	0	1	0	48	9	197.543
340007111	1	1	1	1	1	9	9	1	1	4	0	1	99	0	7	99	99	99	59	1	9	2	0	48	9	197.543
341000001	2	1	1	1	1	9	9	1	1	4	0	7	0	0	7	60	60	60	60	9	9	60	60	49	7	50.061
341000021	1	1	1	1	1	9	9	1	9	4	1	7	0	0	7	60	60	60	60	9	9	60	60	49	7	50.061
342006370	1	1	1	1	1	9	9	1	1	4	99	1	0	0	7	1	0	0	50	9	9	99	99	73	5	60.371
342006545	1	1	1	1	1	9	9	1	1	4	1	7	0	0	7	60	60	60	60	9	9	60	60	73	5	356.366
342006545	2	1	1	1	1	9	9	1	1	4	1	1	0	0	7	1	0	0	50	9	9	9	0	73	5	356.366
342006545	4	1	1	1	1	9	9	1	1	1	1	7	0	0	7	60	60	60	60	1	0	60	60	73	5	356.366
342006605	1	1	1	1	1	9	9	1	1	4	1	7	0	0	7	60	60	60	60	9	9	60	60	73	5	195.635
342006605	1	2	99	1	3	9	9	3	1	4	1	7	0	0	7	60	60	60	60	9	9	60	60	73	5	195.635
343007095	1	1	1	1	1	9	9	1	9	4	0	7	0	0	7	60	60	60	60	9	9	60	60	72	4	58.657
344006915	1	1	1	1	1	9	9	1	1	4	0	1	0	0	7	1	0	0	50	9	9	99	0	72	4	9.937
344006915	2	1	1	1	1	9	9	1	1	4	1	7	0	0	7	60	60	60	60	9	9	60	60	72	4	9.937
344006915	2	2	99	1	3	9	9	3	1	4	1	7	0	9	8	60	60	60	60	9	9	60	60	72	4	9.937
344007355	1	1	2	1	3	9	9	2	1	4	1	7	0	0	7	60	60	60	60	9	9	60	60	72	4	58.657
344007355	1	2	1	1	1	9	9	1	1	4	1	7	0	0	7	60	60	60	60	9	9	60	60	72	4	58.657
345006548	1	1	1	1	1	9	9	1	1	1	0	1	0	0	7	1	0	0	50	1	0	1	0	74	4	34.412
345006608	1	1	1	1	1	9	9	1	1	1	0	1	99	0	7	1	0	99	59	1	0	1	0	74	4	34.412
345006609	1	1	1	1	1	9	9	1	1	1	0	1	0	0	7	1	0	3	99	1	0	1	0	74	4	18.891
345006609	1	2	99	1	3	9	9	3	1	1	0	1	0	0	7	1	0	0	50	9	9	99	0	74	4	18.891
345006610	1	1	1	1	1	9	9	1	1	1	1	1	0	0	7	1	0	0	50	1	0	1	0	74	4	18.891
345006610	1	2	2	1	3	9	9	3	1	1	1	1	0	0	7	1	0	0	50	1	0	1	0	74	4	18.891
345006648	1	1	1	1	1	9	9	1	1	1	1	1	0	0	7	1	0	0	50	1	0	1	0	74	4	34.412
345006709	1	1	1	1	1	9	9	1	1	1	0	7	0	0	7	60	60	60	60	2	0	60	60	74	4	5.83
345006748	1	1	1	1	1	9	9	1	1	1	0	1	0	0	7	1	0	0	50	1	0	99	0	74	4	34.412
345006748	1	2	99	1	3	9	9	3	1	1	0	1	0	1	0	1	0	0	50	9	9	99	0	74	4	34.412
345006948	1	1	1	1	1	9	9	1	1	1	0	7	0	0	7	60	60	60	60	1	0	60	60	74	4	34.412
345006948	2	1	1	1	1	9	9	1	1	1	0	1	0	0	7	1	0	0	50	1	0	1	0	74	4	34.412
345006948	3	1	1	1	1	9	9	1	1	4	1	7	0	0	7	60	60	60	60	9	9	60	60	74	4	34.412
345006948	3	2	2	1	3	1	1	99	1	4	0	7	0	9	8	60	60	60	60	9	9	60	60	74	4	34.412
345007028	1	1	1	1	1	9	9	1	1	1	0	7	0	0	7	60	60	60	60	1	0	60	60	74	4	5.83
345007029	1	1	1	1	1	9	9	1	1	1	1	7	0	0	7	60	60	60	60	1	0	60	60	74	4	34.412
347006452	1	1	1	1	1	9	9	1	1	4	1	1	0	0	7	1	0	0	50	9	9	1	0	75	11	67.552
347006512	1	1	2	1	3	9	9	2	1	4	1	7	0	0	7	60	60	60	60	9	9	60	60	75	11	127.287
347006512	1	2	1	1	1	9	9	1	1	4	1	7	0	0	7	60	60	60	60	9	9	60	60	75	11	127.287
347006512	1	3	2	1	3	1	1	5	1	4	0	7	0	0	7	60	60	60	60	9	9	60	60	75	11	127.287
347006512	1	4	1	1	1	9	9	5	1	4	0	7	0	0	7	60	60	60	60	9	9	60	60	75	11	127.287
347006512	1	5	2	1	3	1	1	7	1	4	0	7	0	0	7	60	60	60	60	9	9	60	60	75	11	127.287
347006512	1	6	1	1	1	9	9	7	1	4	0	7	0	0	7	60	60	60	60	9	9	60	60	75	11	127.287
347006714	1	1	1	1	1	9	9	1	1	4	1	1	0	0	7	1	0	0	50	9	9	1	0	75	11	127.287
347006973	1	1	1	1	1	9	9	1	1	4	1	1	0	0	7	1	0	0	50	9	9	1	0	75	11	24.292
348006226	1	1	1	1	1	9	9	1	1	4	0	1	0	0	7	1	0	0	50	9	9	1	0	76	12	64.704
348006226	2	1	2	1	3	9	9	2	1	4	0	1	0	0	7	1	0	0	50	9	9	1	0	76	12	64.704
348006226	2	2	1	1	1	9	9	1	1	4	0	1	0	0	7	1	0	0	50	9	9	1	0	76	12	64.704
348006785	1	1	1	1	1	9	9	1	1	4	1	1	0	0	7	1	0	0	50	9	9	1	0	76	12	64.704
348006785	1	2	2	1	3	9	9	2	1	4	1	1	0	0	7	1	0	0	50	9	9	1	79	76	12	64.704
349006463	1	1	1	1	1	9	9	1	1	1	0	7	0	0	7	60	60	60	60	1	0	60	60	78	12	260.223
349006802	1	1	1	1	1	9	9	1	1	4	0	1	0	0	7	1	0	0	50	9	9	1	0	78	12	49.662
350006549	1	1	1	1	1	9	9	1	1	4	1	1	0	0	7	1	0	0	50	9	9	1	0	79	10	6.74
350006549	1	2	1	1	1	9	9	5	1	4	0	7	0	0	7	60	60	60	60	9	9	60	60	79	10	6.74
350006594	1	1	2	1	3	9	9	2	1	1	1	1	0	0	7	1	0	0	50	1	9	1	0	79	10	12.701
350006594	1	2	1	1	1	9	9	1	1	1	1	1	0	0	7	1	0	0	50	1	9	1	0	79	10	12.701
350006594	2	1	1	1	1	9	9	1	1	4	1	7	0	0	7	60	60	60	60	1	9	60	60	79	10	12.701
350006774	1	1	2	1	3	9	9	2	1	4	1	7	0	0	7	60	60	60	60	9	9	60	60	79	10	6.74
350006774	1	2	1	1	1	9	9	1	1	4	1	7	0	0	7	60	60	60	60	9	9	60	60	79	10	6.74
350006774	1	3	1	1	1	9	9	5	1	4	0	7	0	0	7	60	60	60	60	9	9	60	60	79	10	6.74
350006774	1	4	2	1	3	9	9	5	1	4	0	7	0	0	7	60	60	60	60	9	9	60	60	79	10	6.74
350006774	2	1	1	1	1	9	9	1	1	4	1	7	0	0	7	60	60	60	60	9	9	60	60	79	10	6.74
350006794	1	1	1	1	1	9	9	1	1	4	1	1	0	0	7	1	0	0	50	9	9	1	0	79	10	12.701
350006854	1	1	1	1	1	9	9	1	1	4	1	1	0	0	7	1	0	0	50	9	9	1	0	79	10	6.74
350007075	1	1	1	1	1	9	9	1	1	4	0	1	0	0	7	1	0	0	50	9	9	1	0	79	10	6.74
350007155	1	1	1	1	1	9	9	1	1	4	1	7	99	0	7	60	60	60	60	9	9	60	60	79	10	2.424
350007220	1	1	2	1	3	9	9	2	1	4	1	1	0	0	7	1	0	0	50	9	9	1	0	79	10	12.701
350007220	1	2	1	1	1	9	9	1	1	4	1	1	0	0	7	1	0	0	50	9	9	1	0	79	10	12.701
350007242	1	1	2	1	3	9	9	2	1	4	1	1	0	0	7	1	0	0	50	9	9	1	0	79	10	6.74
350007242	1	2	1	1	1	9	9	1	1	4	1	1	0	0	7	1	0	0	50	9	9	1	0	79	10	6.74
350007302	1	1	1	1	1	9	9	1	1	4	1	7	0	0	7	60	60	60	60	9	9	60	60	79	10	6.74
350007302	1	2	1	1	1	9	9	5	1	4	0	1	0	0	7	1	0	0	50	9	9	1	0	79	10	6.74
350007322	1	1	1	1	1	9	9	1	1	4	1	1	0	0	7	1	0	0	50	9	9	1	0	79	10	12.701
350007389	1	1	1	1	1	9	9	1	1	4	0	1	0	0	7	1	0	0	50	9	9	2	0	79	10	12.701
350007389	2	1	1	1	1	9	9	1	1	4	1	7	0	0	7	60	60	60	60	9	9	60	60	79	10	12.701
350007389	2	2	1	1	1	9	9	5	1	4	0	1	0	0	7	0	0	0	50	9	9	2	0	79	10	12.701
350007389	2	3	1	1	1	9	9	7	1	4	0	1	0	0	7	1	0	0	50	9	9	2	0	79	10	12.701
351006367	2	1	1	1	1	9	9	1	1	4	1	1	0	0	7	1	0	0	50	9	9	1	0	81	11	38.971
495004746	1	1	1	1	1	9	9	1	1	4	1	1	99	0	7	99	99	99	59	1	9	1	0	13	6	243.914
495004746	1	2	99	1	3	9	9	2	1	4	1	1	99	0	7	99	99	99	59	9	9	99	99	13	6	243.914
495005701	1	1	99	1	3	9	9	2	1	1	0	1	0	0	7	1	0	0	50	9	9	99	0	13	6	133.902
495005701	1	2	1	1	1	9	9	1	1	1	0	1	0	0	7	1	0	0	50	1	0	1	0	13	6	133.902
495005781	1	1	1	1	1	9	9	1	1	1	0	7	0	0	7	60	60	60	60	9	9	60	60	13	6	133.902
610006141	2	1	1	1	1	9	9	1	9	4	1	7	79	0	7	60	60	60	60	9	9	60	60	4	3	53.409
610006141	2	2	1	1	1	1	3	99	9	4	0	7	79	9	8	60	60	60	60	9	9	60	60	4	3	53.409
615003515	2	1	1	1	1	9	9	1	1	4	1	7	0	0	7	60	60	60	60	9	9	60	60	72	4	0
620006446	1	1	2	1	3	9	9	2	1	4	0	1	0	0	7	1	0	0	50	9	9	1	0	81	11	38.971
620006446	1	2	1	1	1	9	9	1	1	4	0	1	0	0	7	1	0	0	50	9	9	1	0	81	11	38.971
620006446	2	1	2	1	3	9	9	2	1	4	1	1	0	9	8	1	0	0	50	9	9	1	0	81	11	38.971
620006446	2	2	1	1	1	9	9	1	1	4	1	1	0	0	7	1	0	0	50	9	9	1	0	81	11	38.971
620006625	1	1	1	1	1	9	9	1	1	4	0	1	0	0	7	1	0	0	50	9	9	1	0	81	11	73.431
620006785	2	1	1	1	1	9	9	1	9	4	0	7	99	0	7	60	60	60	60	9	9	60	60	81	11	38.971
620006785	2	2	1	1	1	9	9	99	9	9	99	99	99	9	9	99	99	99	99	9	9	99	99	81	11	38.971
620006787	1	1	1	1	1	9	9	1	1	4	0	7	0	0	7	60	60	60	60	9	9	60	60	81	11	73.431
620006787	2	1	1	1	1	9	9	1	1	4	0	7	0	0	7	60	60	60	60	9	9	60	60	81	11	73.431
636004850	1	1	1	1	1	9	9	1	1	4	0	7	0	0	7	60	60	60	60	9	9	60	60	79	10	6.74
636004850	2	1	1	1	1	9	9	5	1	1	0	7	0	0	7	60	60	60	60	9	9	60	60	79	10	6.74
636004850	2	2	1	1	1	9	9	1	1	1	1	7	0	0	7	60	60	60	60	9	9	60	60	79	10	6.74
657005006	1	1	1	1	1	9	9	99	9	9	99	99	99	9	9	99	99	99	99	9	9	99	99	4	3	34.364
657005006	1	2	1	1	1	9	9	99	9	9	99	99	99	9	9	99	99	99	99	9	9	99	99	4	3	34.364
800006415	1	1	1	1	1	9	9	1	1	4	0	1	0	0	7	1	0	0	50	9	9	1	0	2	3	145.338
800006471	2	1	1	1	1	9	9	1	1	4	2	3	99	0	7	99	99	99	59	9	9	1	0	2	3	145.338
800006471	2	2	1	1	1	9	9	5	1	4	0	7	0	0	7	60	60	60	60	9	9	60	60	2	3	145.338
801003829	1	1	99	1	3	9	9	2	1	4	0	1	0	0	7	99	99	99	59	9	9	99	0	3	1	148.42
801003829	1	2	1	1	1	9	9	1	1	4	0	1	99	0	7	99	99	99	59	9	9	1	0	3	1	148.42
801005488	1	1	1	1	1	9	9	1	1	4	0	3	0	0	7	1	0	99	59	9	9	9	0	3	1	63.274
802003421	1	1	1	1	1	9	9	1	1	4	0	7	0	0	7	60	60	60	60	9	9	60	60	4	3	0
802003504	1	1	1	1	1	9	9	99	9	9	99	99	99	9	9	99	99	99	99	9	9	99	99	4	3	0
802003504	2	1	1	1	1	9	9	1	1	1	1	7	0	0	7	60	60	60	60	9	9	60	60	4	3	0
802003601	2	1	1	1	1	9	9	1	1	4	1	1	0	0	7	99	99	99	59	9	9	1	0	4	3	0
802005084	1	1	1	1	1	9	9	1	1	1	1	1	0	0	7	1	99	95	7	9	9	1	0	4	3	22.769
802005084	1	2	99	1	3	9	9	2	1	1	1	1	0	0	7	0	0	0	50	9	9	99	0	4	3	22.769
802005442	2	1	2	1	3	9	9	3	1	1	0	7	0	9	8	60	60	60	60	9	9	60	60	4	3	53.409
802005442	2	2	1	1	1	9	9	1	1	1	0	7	0	9	8	60	60	60	60	9	9	60	60	4	3	53.409
802005542	2	1	1	1	1	9	9	1	1	4	99	7	99	9	8	60	60	60	60	9	9	60	60	4	3	34.364
802005542	3	1	1	1	1	9	9	1	1	1	0	7	0	9	8	60	60	60	60	9	9	60	60	4	3	34.364
802005681	1	1	1	1	1	9	9	1	1	1	0	1	0	0	7	1	0	0	50	1	0	1	0	4	3	34.364
803003592	1	1	1	1	1	9	9	1	1	1	0	1	0	0	7	99	99	99	59	9	9	99	0	72	4	0
803004432	2	1	1	1	1	9	9	1	1	1	1	7	0	0	7	60	60	60	60	9	9	60	60	72	4	58.657
803004433	1	1	1	1	1	9	9	1	1	4	0	7	0	0	7	60	60	60	60	9	9	60	60	72	4	58.657
803004433	2	1	1	1	1	9	9	1	1	4	0	7	0	0	7	60	60	60	60	9	9	60	60	72	4	58.657
803004653	2	1	1	1	1	9	9	1	1	4	1	7	0	0	7	60	60	60	60	9	9	60	60	72	4	58.657
803004653	2	2	2	1	3	9	9	3	1	4	1	7	0	0	7	60	60	60	60	9	9	60	60	72	4	58.657
803004794	1	1	1	1	1	9	9	1	1	4	1	7	0	0	7	60	60	60	60	9	9	60	60	72	4	9.937
803004794	1	2	99	1	3	9	9	3	1	4	1	7	0	0	7	60	60	60	60	9	9	60	60	72	4	9.937
803004875	1	1	1	1	1	9	9	1	1	4	0	7	0	0	7	60	60	60	60	9	9	60	60	72	4	32.201
803004876	2	1	2	1	3	9	9	3	1	1	1	7	0	0	7	60	60	60	60	9	9	60	60	72	4	58.657
803004876	2	2	1	1	1	9	9	1	1	1	1	7	0	0	7	60	60	60	60	9	9	60	60	72	4	58.657
803004932	1	1	1	1	1	9	9	1	1	4	1	1	0	0	7	1	0	0	50	9	9	99	0	72	4	9.937
803004932	1	2	99	1	3	9	9	2	1	4	1	1	0	0	7	1	0	0	50	9	9	99	0	72	4	9.937
803004952	1	1	1	1	1	9	9	1	1	4	0	1	0	0	7	1	0	0	50	9	9	2	0	72	4	32.201
803005012	1	1	2	1	3	9	9	3	1	4	1	1	0	0	7	1	0	0	50	9	9	1	0	72	4	58.657
803005012	1	2	1	1	1	9	9	1	1	4	1	1	0	0	7	1	0	0	50	9	9	1	0	72	4	58.657
803005052	1	1	1	1	1	9	9	1	1	4	0	7	0	0	7	60	60	60	60	9	9	60	60	72	4	58.657
803005076	2	1	2	1	3	9	9	3	1	4	1	7	0	0	7	60	60	60	60	9	9	60	60	72	4	58.657
803005076	2	2	1	1	1	9	9	1	1	4	1	7	0	0	7	60	60	60	60	9	9	60	60	72	4	58.657
803005076	4	1	2	1	3	9	9	2	1	4	0	7	0	0	7	60	60	60	60	9	9	60	60	72	4	58.657
803005076	4	2	1	1	1	9	9	1	1	4	0	7	0	0	7	60	60	60	60	9	9	60	60	72	4	58.657
803005173	1	1	1	1	1	9	9	1	1	4	1	1	0	0	7	1	0	0	50	9	9	2	0	72	4	58.657
803005174	1	1	1	1	1	9	9	1	1	1	0	99	99	0	7	99	99	69	69	9	9	69	99	72	4	9.937
803005174	1	2	99	1	3	9	9	3	1	1	0	99	99	0	7	99	99	69	69	9	9	69	99	72	4	9.937
803005174	2	1	1	1	1	9	9	1	1	4	1	7	0	0	7	60	60	60	60	9	9	60	60	72	4	9.937
803005174	2	2	1	1	1	9	9	5	1	4	0	7	0	0	7	60	60	60	60	9	9	60	60	72	4	9.937
803005174	2	3	99	1	3	9	9	2	1	4	1	7	0	0	7	60	60	60	60	9	9	60	60	72	4	9.937
803005174	2	4	99	1	3	9	9	5	1	4	0	7	0	0	7	60	60	60	60	9	9	60	60	72	4	9.937
803005174	3	1	1	1	1	9	9	1	1	4	0	7	0	0	7	60	60	60	60	9	9	60	60	72	4	9.937
803005174	3	2	99	1	3	9	9	3	1	4	0	7	0	0	7	60	60	60	60	9	9	60	60	72	4	9.937
803005175	1	1	1	1	1	9	9	1	1	4	1	1	0	0	7	1	0	0	50	9	9	99	0	72	4	9.937
803005232	2	1	1	1	1	9	9	1	9	4	0	7	0	0	7	60	60	60	60	9	9	60	60	72	4	32.201
803005295	1	1	2	1	3	9	9	2	1	4	0	1	0	0	7	1	0	0	50	9	9	1	0	72	4	32.201
803005295	1	2	1	1	1	9	9	1	1	4	0	1	0	0	7	1	0	0	50	9	9	1	0	72	4	32.201
803005377	1	1	1	1	1	9	9	1	1	4	1	1	0	0	7	1	0	0	50	9	9	99	0	72	4	32.201
803005612	1	1	1	1	1	9	9	1	1	4	1	1	99	0	7	99	99	99	59	9	9	1	0	72	4	32.201
803005612	1	2	99	1	3	9	9	2	1	4	1	1	99	9	8	99	99	99	59	9	9	99	99	72	4	32.201
803006432	1	1	1	1	1	9	9	1	1	4	1	7	0	0	7	60	60	60	60	9	9	60	60	72	4	58.657
803006432	2	1	1	1	1	9	9	1	1	4	0	7	0	0	7	60	60	60	60	1	9	60	60	72	4	58.657
803006512	2	1	2	1	3	9	9	2	1	4	1	7	0	0	7	60	60	60	60	9	9	60	60	72	4	32.201
803006512	2	2	1	1	1	9	9	1	1	4	1	7	0	0	7	60	60	60	60	9	9	60	60	72	4	32.201
803006532	1	1	1	1	1	9	9	1	1	4	0	7	0	0	7	60	60	60	60	9	9	60	60	72	4	0
804003948	1	1	1	1	1	9	9	99	9	4	99	99	99	0	7	69	69	69	69	9	9	69	69	6	1	29.901
805004211	1	1	2	1	3	9	9	2	1	4	1	7	0	9	8	60	60	60	60	9	9	60	60	8	2	206.963
805004211	1	2	1	1	1	9	9	1	1	4	1	7	0	0	7	60	60	60	60	9	9	60	60	8	2	206.963
805004212	1	1	2	1	3	9	9	99	1	4	1	7	0	9	8	60	60	60	60	9	9	60	60	8	2	0
805004212	1	2	1	1	1	9	9	1	1	4	1	7	0	0	7	60	60	60	60	9	9	60	60	8	2	0
805004212	1	3	2	1	3	9	9	5	1	4	1	7	0	9	8	60	60	60	60	9	9	60	60	8	2	0
805004212	1	4	1	1	1	9	9	5	1	4	1	7	0	0	7	60	60	60	60	9	9	60	60	8	2	0
805004831	1	1	1	1	1	9	9	1	1	4	0	7	0	0	7	60	60	60	60	9	9	60	60	8	2	0
805004956	1	1	1	1	1	9	9	1	1	4	0	1	0	0	7	1	0	0	50	9	9	1	0	8	2	321.67
805004956	3	1	99	1	3	9	9	2	1	1	0	7	0	0	7	60	60	60	60	9	9	60	60	8	2	321.67
805004956	3	2	1	1	1	9	9	1	1	1	0	7	0	0	7	60	60	60	60	9	9	60	60	8	2	321.67
805005951	1	1	1	1	1	9	9	1	1	4	0	7	0	0	7	60	60	60	60	9	9	60	60	8	2	206.963
806004734	1	1	99	1	3	9	9	2	1	4	99	1	0	0	7	1	0	0	50	9	9	99	0	9	8	216.96
806004734	1	2	1	1	1	9	9	1	1	4	99	1	1	0	7	1	0	2	99	9	9	1	0	9	8	216.96
806004774	1	1	99	1	3	9	9	3	1	4	0	1	0	0	7	1	0	0	50	9	9	99	0	9	8	0
806004774	1	2	1	1	1	9	9	1	1	4	0	1	0	0	7	1	0	0	50	9	9	1	0	9	8	0
806004774	2	1	1	1	1	9	9	1	1	4	2	1	0	0	7	1	0	0	50	9	9	1	1	9	8	0
806004774	2	2	2	1	3	9	9	2	1	4	2	1	0	0	7	99	1	0	50	9	9	1	0	9	8	0
806005615	2	1	1	1	1	9	9	1	1	4	99	7	0	0	7	60	60	60	60	9	9	60	60	9	8	756.035
806005615	2	2	99	1	3	9	9	2	1	4	99	7	0	0	7	60	60	60	60	9	9	60	60	9	8	756.035
806005615	3	1	1	1	1	9	9	1	1	1	0	7	99	0	7	60	60	60	60	9	9	60	60	9	8	756.035
806005874	1	1	1	1	1	9	9	1	1	4	99	7	0	0	7	60	60	60	60	9	9	60	60	9	8	216.96
806005874	1	2	99	1	3	9	9	3	1	4	99	7	0	0	7	60	60	60	60	9	9	60	60	9	8	216.96
806005874	2	1	1	1	1	9	9	1	1	4	0	1	99	0	7	99	99	99	59	9	9	1	0	9	8	216.96
806005874	2	2	99	1	3	9	9	2	1	4	1	1	99	0	7	99	99	99	99	9	9	99	99	9	8	216.96
806006134	1	1	1	1	1	9	9	1	1	1	99	1	0	0	7	1	0	0	50	1	9	1	0	9	8	756.035
807004390	1	1	1	1	1	9	9	1	1	1	0	1	0	0	7	1	0	0	50	1	0	1	0	11	6	21.198
807004589	1	1	1	1	1	9	9	1	1	1	0	1	0	0	7	1	0	0	50	1	0	1	0	11	6	125.127
807004589	2	1	1	1	1	9	9	1	1	4	0	1	0	0	7	1	0	0	50	9	9	1	0	11	6	125.127
807004589	3	1	1	1	1	9	9	1	1	4	0	1	0	0	7	1	0	0	50	9	9	1	0	11	6	125.127
807004645	1	1	1	1	1	9	9	1	1	1	0	1	0	0	7	1	0	0	50	1	0	1	0	11	6	68.691
807004685	1	1	1	1	1	9	9	1	1	1	1	7	0	0	7	60	60	60	60	9	9	60	60	11	6	125.127
807004809	1	1	1	1	1	9	9	1	1	4	0	1	0	0	7	1	0	0	50	9	9	1	0	11	6	68.691
807005027	1	1	1	1	1	9	9	1	1	4	1	7	0	0	7	60	60	60	60	9	9	60	60	11	6	0
807005027	1	2	99	1	3	9	9	2	1	4	1	7	0	0	7	60	60	60	60	9	9	60	60	11	6	0
807005165	1	1	99	1	3	9	9	3	1	4	1	7	0	0	7	60	60	60	60	9	9	60	60	11	6	21.198
807005165	1	2	1	1	1	9	9	1	1	4	1	7	0	0	7	60	60	60	60	9	9	60	60	11	6	21.198
807005185	1	1	99	1	3	9	9	2	1	4	1	1	0	0	7	1	0	0	50	9	9	99	0	11	6	125.127
807005185	1	2	1	1	1	9	9	1	1	4	1	1	0	0	7	1	0	0	50	9	9	1	0	11	6	125.127
807005329	1	1	1	1	1	9	9	1	1	4	1	7	0	0	7	60	60	60	60	9	9	99	60	11	6	21.198
807005329	1	2	1	1	1	9	9	5	1	4	0	7	0	0	7	60	60	60	60	9	9	60	60	11	6	21.198
807005329	1	3	99	1	3	9	9	2	1	4	1	7	0	0	7	60	60	60	60	9	9	60	60	11	6	21.198
807005329	1	4	99	1	3	9	9	5	1	4	0	7	0	0	7	60	60	60	60	9	9	99	60	11	6	21.198
807005330	1	1	1	1	1	9	9	1	1	4	1	1	0	0	7	1	0	0	50	9	9	1	0	11	6	21.198
807005330	1	2	2	1	3	9	9	3	1	4	1	1	1	0	7	1	0	3	7	9	9	1	0	11	6	21.198
807005465	1	1	1	1	1	9	9	99	9	9	99	99	99	9	9	99	99	99	99	9	9	99	99	11	6	68.691
807005649	1	1	1	1	1	9	9	1	1	1	1	1	0	0	7	1	0	0	50	1	0	1	0	11	6	68.691
807005713	1	1	1	1	1	9	9	99	9	9	99	99	99	9	9	99	99	99	99	9	9	99	99	11	6	125.127
807005714	1	1	1	1	1	9	9	1	1	1	0	7	0	0	7	60	60	60	60	9	9	60	60	11	6	125.127
807005831	1	1	1	1	1	9	9	1	1	1	0	7	0	0	7	60	60	60	60	9	9	60	60	11	6	125.127
807005946	1	1	1	1	1	9	9	99	9	9	99	99	99	9	9	99	99	99	99	9	9	99	99	11	6	125.127
807005947	1	1	1	1	1	9	9	1	1	1	1	1	0	0	7	1	0	0	50	1	0	1	0	11	6	68.691
807006248	2	1	1	1	1	9	9	1	1	1	1	7	0	0	7	60	60	60	60	9	9	60	60	11	6	125.127
807006248	2	2	99	1	3	9	9	3	1	1	1	7	0	1	0	60	60	60	60	9	9	60	60	11	6	125.127
807006265	2	1	1	1	1	9	9	99	9	9	99	99	99	9	9	99	99	99	99	9	9	99	99	11	6	68.691
807006325	1	1	1	1	1	9	9	1	1	1	1	7	0	0	7	60	60	60	60	9	9	60	60	11	6	125.127
808004227	1	1	1	1	1	9	9	1	1	1	0	1	0	0	7	1	0	0	50	9	9	1	0	12	5	160.472
808004228	1	1	1	1	1	9	9	1	1	1	0	1	0	0	7	1	0	0	50	1	0	2	0	12	5	292.312
808004361	1	1	1	1	1	9	9	1	1	1	1	7	0	0	7	60	60	60	60	9	9	60	60	12	5	160.472
808004361	2	1	1	1	1	9	9	1	1	1	1	4	1	0	7	99	99	5	5	1	9	3	0	12	5	160.472
808004361	2	2	1	1	1	9	9	3	1	1	1	4	1	0	7	99	99	99	99	1	9	99	99	12	5	160.472
808004521	1	1	1	1	1	9	9	1	1	1	1	1	0	0	7	1	0	0	50	1	0	1	0	12	5	0
808004725	1	1	1	1	1	9	9	1	1	4	99	7	0	0	7	60	60	60	60	9	9	60	60	12	5	160.472
808005785	2	1	1	1	1	9	9	1	1	4	0	7	0	0	7	60	60	60	60	9	9	60	60	12	5	49.52
808006085	1	1	1	1	1	9	9	1	1	1	1	1	0	0	7	1	0	0	50	1	0	1	0	12	5	160.472
808006085	1	2	99	1	3	9	9	3	1	1	1	1	0	0	7	1	0	0	50	9	9	99	0	12	5	160.472
808006241	1	1	1	1	1	9	9	1	1	4	1	7	0	0	7	60	60	60	60	9	9	60	60	12	5	160.472
808006265	2	1	1	1	1	9	9	1	1	1	1	7	0	0	7	60	60	60	60	1	0	60	60	12	5	0
808006301	1	1	1	1	1	9	9	1	1	4	2	7	0	9	8	60	60	60	60	9	9	60	60	12	5	160.472
808006445	1	1	1	1	1	9	9	1	1	4	0	1	99	0	7	79	99	99	59	9	9	1	0	12	5	160.472
808006445	2	1	1	1	1	9	9	1	1	4	1	7	0	0	7	60	60	60	60	9	9	60	60	12	5	160.472
808006445	2	2	1	1	1	9	9	5	1	4	1	1	0	0	7	1	0	0	50	9	9	1	0	12	5	160.472
808006445	3	1	1	1	1	9	9	1	1	1	2	1	0	9	8	1	0	0	50	1	0	1	0	12	5	160.472
808006445	3	2	1	1	1	9	9	5	1	1	0	7	0	0	7	60	60	60	60	1	0	60	60	12	5	160.472
809004346	1	1	1	1	1	9	9	1	1	1	0	1	0	0	7	1	0	0	50	1	9	1	0	13	6	41.321
810004122	1	1	1	1	1	9	9	1	1	4	1	1	0	0	7	0	0	0	50	9	9	1	0	41	7	69.365
810004122	2	1	1	1	1	9	9	1	1	1	0	1	0	0	7	1	0	0	50	1	0	1	0	41	7	69.365
810004262	1	1	1	1	1	9	9	1	1	4	1	1	0	0	7	1	0	0	50	1	0	1	0	41	7	111.86
810004522	1	1	1	1	1	9	9	1	1	1	1	1	0	0	7	1	0	0	50	1	0	1	0	41	7	69.365
810004522	1	2	1	1	1	9	9	2	1	1	1	1	0	0	7	1	0	0	50	1	0	1	0	41	7	69.365
810004522	1	3	1	1	1	9	9	98	1	1	1	1	0	0	7	1	1	0	50	1	0	1	0	41	7	69.365
810004723	1	1	1	1	3	9	9	2	1	4	0	1	0	0	7	1	0	0	50	9	9	1	99	41	7	111.86
810004723	1	2	99	1	1	9	9	1	1	4	0	1	0	0	7	1	0	0	50	9	9	99	99	41	7	111.86
810004723	2	1	2	1	3	9	9	2	1	4	1	1	0	0	7	1	0	0	50	9	9	2	0	41	7	111.86
810004723	2	2	1	1	1	9	9	1	1	4	1	1	0	0	7	1	0	0	50	9	9	2	99	41	7	111.86
810004848	1	1	1	1	1	9	9	1	1	4	99	1	0	0	7	1	0	0	50	9	9	1	0	41	7	32.101
810004944	1	1	2	1	3	9	9	2	1	1	0	7	0	0	7	60	60	60	60	9	9	60	60	41	7	69.365
810004944	1	2	1	1	1	9	9	1	1	1	0	7	0	0	7	60	60	60	60	9	9	60	60	41	7	69.365
810005107	1	1	1	1	1	9	9	1	1	1	1	1	0	0	7	99	99	99	59	1	0	99	0	41	7	32.101
810005107	1	2	99	1	3	9	9	3	1	1	0	1	0	0	7	99	99	99	59	9	9	99	99	41	7	32.101
810005122	1	1	1	1	1	9	9	1	1	4	0	1	0	0	7	1	0	0	50	9	9	1	0	41	7	32.101
810005304	2	1	1	1	1	9	9	1	1	4	0	1	0	0	7	1	99	99	59	9	9	1	0	41	7	69.365
810005422	1	1	1	1	1	9	9	1	1	1	1	1	0	0	7	1	0	0	50	1	0	1	0	41	7	69.365
810005467	1	1	1	1	1	9	9	5	1	1	1	1	0	0	7	1	0	0	50	1	0	1	0	41	7	111.86
810005502	1	1	1	1	1	9	9	1	1	4	0	1	0	0	7	1	0	0	50	9	9	1	0	41	7	111.86
810005562	1	1	1	1	1	9	9	1	1	1	1	7	0	0	7	60	60	60	60	9	9	60	60	41	7	69.365
810005562	1	2	99	1	3	9	9	2	1	1	1	7	0	1	0	60	60	60	60	9	9	60	60	41	7	69.365
810005942	1	1	1	1	1	9	9	1	1	1	1	1	99	0	7	99	99	99	59	1	0	99	0	41	7	111.86
810005942	1	2	99	1	3	9	9	2	1	1	1	1	99	0	7	99	99	99	59	9	9	99	0	41	7	111.86
811004002	1	1	1	1	1	9	9	1	1	4	99	7	99	9	8	60	60	60	60	9	9	60	60	43	9	0
811004206	2	1	1	1	1	9	9	1	1	4	99	1	0	0	7	1	0	99	59	9	9	1	0	43	9	0
811004542	1	1	1	1	1	9	9	1	1	4	99	7	0	0	7	60	60	60	60	9	9	60	60	43	9	127.503
811004542	2	1	1	1	1	9	9	1	1	4	99	7	0	0	7	60	60	60	60	9	9	60	60	43	9	127.503
811005022	1	1	1	1	1	9	9	1	1	4	99	3	0	0	7	0	0	0	50	9	9	1	0	43	9	127.503
811005663	1	1	1	1	1	9	9	1	1	4	99	1	0	0	7	1	0	0	50	9	9	1	0	43	9	127.503
811006282	2	1	1	1	1	9	9	1	1	1	1	7	0	0	7	99	99	99	99	9	9	99	99	43	9	127.503
811006302	1	1	1	1	1	9	9	1	1	1	0	7	0	0	7	99	99	99	99	9	9	99	99	43	9	127.503
811006762	1	1	1	1	1	9	9	1	1	4	0	1	0	0	7	99	99	0	50	9	9	1	0	43	9	205.616
811006962	1	1	2	1	3	9	9	2	1	1	1	1	0	0	7	1	0	0	50	1	0	1	0	43	9	59.006
811006962	1	2	1	1	1	9	9	1	1	1	1	1	0	0	7	1	0	0	50	1	0	1	0	43	9	59.006
812003756	2	1	1	1	1	9	9	1	3	8	70	70	70	0	7	70	70	70	70	9	9	70	70	45	8	131.148
812004011	1	1	1	1	1	9	9	1	1	1	0	1	0	0	7	1	0	0	50	1	0	1	0	45	8	131.148
812004112	1	1	1	1	1	9	9	1	1	1	0	7	0	0	7	60	60	60	60	9	9	60	60	45	8	131.148
812004271	1	1	1	1	1	9	9	1	1	1	1	7	0	0	7	60	60	60	60	9	9	60	60	45	8	131.148
812004311	1	1	1	1	1	9	9	1	1	4	0	7	0	0	7	60	60	60	60	9	9	60	60	45	8	211.494
812004451	1	1	1	1	1	9	9	1	1	4	0	7	0	0	7	60	60	60	60	9	9	60	60	45	8	211.494
812004451	2	1	1	1	1	9	9	1	1	1	1	1	0	0	7	1	0	0	50	1	0	2	0	45	8	211.494
812004471	1	1	1	1	1	9	9	1	1	4	0	7	0	0	7	60	60	60	60	9	9	60	60	45	8	131.148
812004472	2	1	2	1	3	9	9	2	1	4	0	99	99	0	7	99	99	69	69	9	9	69	99	45	8	60.692
812004472	2	2	1	1	1	9	9	1	1	4	0	99	99	0	7	99	99	69	69	9	9	69	99	45	8	60.692
812004472	2	3	1	1	1	9	9	1	1	4	0	99	99	0	7	99	99	69	69	9	9	69	99	45	8	60.692
812004635	1	1	1	1	1	9	9	1	1	4	0	1	0	0	7	1	0	0	50	9	9	1	0	45	8	211.494
812004651	1	1	1	1	1	9	9	1	1	1	1	7	0	0	7	60	60	60	60	9	9	60	60	45	8	131.148
812004771	1	1	1	1	1	9	9	1	1	4	0	7	0	0	7	60	60	60	60	9	9	60	60	45	8	211.494
812004772	1	1	2	1	3	9	9	2	1	1	0	7	0	0	7	60	60	60	60	9	9	60	60	45	8	131.148
812004772	1	2	1	1	1	9	9	1	1	4	0	7	0	0	7	60	60	60	60	9	9	60	60	45	8	131.148
812004773	1	1	1	1	1	9	9	1	1	4	0	1	0	0	7	1	0	0	50	9	9	1	0	45	8	131.148
812004811	1	1	1	1	1	9	9	1	1	4	0	1	0	0	7	0	0	2	99	9	9	1	0	45	8	0
812004812	1	1	1	1	1	9	9	1	1	4	0	1	0	0	7	1	0	3	7	9	9	2	0	45	8	60.692
812004812	1	2	99	1	3	9	9	2	1	1	0	1	0	0	7	1	0	3	7	9	9	99	1	45	8	60.692
812004851	1	1	99	1	3	9	9	3	1	1	0	7	0	0	7	60	60	60	60	9	9	60	60	45	8	211.494
812004851	1	2	1	1	1	9	9	1	1	1	0	7	0	0	7	60	60	60	60	9	9	60	60	45	8	211.494
812004892	1	1	1	1	1	9	9	1	1	4	0	7	0	0	7	60	60	60	60	9	9	60	60	45	8	211.494
812004915	1	1	1	1	1	9	9	1	1	1	1	7	0	0	7	60	60	60	60	9	9	60	60	45	8	131.148
812004916	1	1	1	1	1	9	9	1	1	1	1	1	0	0	7	1	0	0	50	1	0	2	0	45	8	211.494
812004916	2	1	1	1	1	9	9	1	1	4	0	7	0	0	7	60	60	60	60	9	9	60	60	45	8	211.494
812004917	1	1	1	1	1	9	9	1	1	1	0	7	0	0	7	60	60	60	60	9	9	60	60	45	8	211.494
812004991	1	1	1	1	1	9	9	1	1	1	1	7	0	0	7	60	60	60	60	9	9	60	60	45	8	131.148
812005111	1	1	1	1	1	9	9	1	1	4	0	1	0	0	7	1	0	0	50	9	9	1	0	45	8	131.148
812005151	1	1	1	1	1	9	9	1	1	4	0	1	99	0	7	1	0	5	5	9	9	99	99	45	8	60.692
812005171	1	1	1	1	1	9	9	1	1	4	0	7	0	0	7	60	60	60	60	9	9	99	60	45	8	131.148
812005331	1	1	1	1	1	9	9	1	1	1	2	7	0	0	7	99	99	99	99	9	9	99	99	45	8	131.148
812005471	1	1	1	1	1	9	9	1	1	4	0	1	0	0	7	1	0	0	50	9	9	2	0	45	8	211.494
812005531	1	1	1	1	1	9	9	1	1	4	1	7	0	0	7	60	60	60	60	9	9	60	60	45	8	211.494
812005531	1	2	2	1	3	9	9	2	1	4	1	7	0	0	7	99	99	99	99	9	9	99	99	45	8	211.494
812005571	1	1	1	1	1	9	9	1	1	1	1	1	0	0	7	1	0	0	50	1	0	1	0	45	8	131.148
812005771	1	1	1	1	1	9	9	1	1	4	0	7	0	0	7	60	60	60	60	9	9	60	60	45	8	131.148
812005911	1	1	1	1	1	9	9	1	1	4	0	7	0	0	7	60	60	60	60	9	9	60	60	45	8	211.494
812005915	1	1	1	1	1	9	9	1	1	1	1	7	0	0	7	60	60	60	60	9	9	60	60	45	8	211.494
812005916	1	1	1	1	1	9	9	1	1	4	0	7	0	0	7	60	60	60	60	9	9	60	60	45	8	60.692
812005931	1	1	2	1	3	9	9	2	1	1	1	7	0	0	7	60	60	60	60	9	9	60	60	45	8	0
812005931	1	2	1	1	1	9	9	1	1	1	1	7	0	0	7	60	60	60	60	9	9	60	60	45	8	0
813003466	1	1	1	1	1	9	9	1	1	1	0	1	0	0	7	1	0	0	50	9	9	1	0	48	9	0
813003706	1	1	1	1	1	9	9	1	1	1	0	1	0	0	7	1	0	0	50	9	9	99	0	48	9	197.543
813003706	1	2	99	1	3	9	9	3	1	1	0	1	0	0	7	99	99	3	88	9	9	99	99	48	9	197.543
813003706	2	1	2	1	3	9	9	3	1	1	0	7	0	0	7	60	60	60	60	9	9	60	60	48	9	197.543
813003706	2	2	1	1	1	9	9	1	1	1	0	7	0	0	7	60	60	60	60	9	9	60	60	48	9	197.543
813003826	1	1	1	1	1	9	9	1	1	1	1	1	0	0	7	1	0	0	50	9	9	99	0	48	9	426.863
813003827	1	1	1	1	1	9	9	1	1	1	1	1	0	0	7	1	0	0	50	1	0	1	0	48	9	197.543
813003827	1	2	99	1	3	9	9	3	1	1	1	1	0	0	7	1	0	0	50	9	9	99	0	48	9	197.543
813003906	1	1	1	1	1	9	9	1	1	1	0	1	0	0	7	1	0	0	50	9	9	1	0	48	9	688.372
813004190	1	1	2	1	3	9	9	3	1	1	0	7	0	0	7	60	60	60	60	9	9	60	60	48	9	426.863
813004190	1	2	1	1	1	9	9	1	1	1	0	7	0	0	7	60	60	60	60	9	9	60	60	48	9	426.863
813004267	1	1	1	1	1	9	9	1	1	1	0	1	0	0	7	1	0	0	50	9	9	2	0	48	9	426.863
813004267	2	1	1	1	1	9	9	1	1	1	0	7	0	0	7	60	60	60	60	9	9	60	60	48	9	426.863
813004268	1	1	1	1	1	9	9	1	1	1	0	1	0	0	7	1	0	0	50	9	9	1	0	48	9	688.372
813004269	1	1	2	1	3	9	9	2	1	1	0	7	0	0	7	60	60	60	60	9	9	60	60	48	9	426.863
813004269	1	2	1	1	1	9	9	1	1	1	0	7	0	0	7	60	60	60	60	9	9	60	60	48	9	426.863
813004406	1	1	1	1	1	9	9	1	1	1	0	7	0	0	7	60	60	60	60	9	9	60	60	48	9	426.863
813004446	1	1	1	1	1	9	9	1	1	1	1	7	0	0	7	60	60	60	60	9	9	60	60	48	9	426.863
813004666	1	1	1	1	1	9	9	1	1	1	0	1	0	0	7	1	0	0	50	9	9	1	0	48	9	426.863
813004726	1	1	1	1	1	9	9	1	1	1	1	1	0	0	7	1	0	5	6	9	9	1	0	48	9	426.863
813005046	1	1	1	1	1	9	9	1	1	4	0	7	0	0	7	60	60	60	60	9	9	60	60	48	9	426.863
813005126	1	1	99	1	3	9	9	3	1	1	0	1	0	0	7	1	0	0	50	9	9	99	0	48	9	688.372
813005126	1	2	1	1	1	9	9	1	1	1	0	1	0	0	7	1	0	0	50	1	0	1	0	48	9	688.372
813005511	1	1	1	1	1	9	9	1	1	4	1	7	0	0	7	60	60	60	60	9	9	60	60	48	9	426.863
813005546	1	1	1	1	1	9	9	1	1	4	1	7	0	0	7	60	60	60	60	9	9	60	60	48	9	688.372
813005606	1	1	1	1	1	9	9	1	1	1	1	1	0	0	7	1	99	0	50	1	0	1	0	48	9	688.372
813005606	1	2	99	1	3	9	9	2	1	1	1	1	0	0	7	1	0	0	50	9	9	99	0	48	9	688.372
813005611	1	1	1	1	1	9	9	1	1	4	1	7	0	0	7	60	60	60	60	9	9	60	60	48	9	426.863
813005611	2	1	1	1	1	9	9	1	1	4	1	7	0	0	7	60	60	60	60	9	9	60	60	48	9	426.863
813005971	1	1	2	1	3	9	9	3	1	4	0	1	0	0	7	1	0	0	50	9	9	1	0	48	9	688.372
813005971	1	2	1	1	1	9	9	1	1	4	0	1	0	0	7	1	0	0	50	9	9	1	0	48	9	688.372
813006120	1	1	1	1	1	9	9	1	1	1	0	1	0	0	7	1	0	0	50	9	9	1	0	48	9	426.863
813006166	1	1	2	1	3	9	9	3	1	4	1	99	99	0	7	69	69	69	69	9	9	69	69	48	9	197.543
813006166	1	2	1	1	1	9	9	1	1	4	1	99	99	0	7	69	69	69	69	9	9	69	69	48	9	197.543
813006166	2	1	1	1	1	9	9	1	1	1	1	7	0	0	7	60	60	60	60	8	9	60	60	48	9	197.543
813006250	1	1	1	1	1	9	9	1	1	1	1	7	0	0	7	60	60	60	60	9	9	60	60	48	9	426.863
813006250	1	2	1	1	1	9	9	5	1	1	1	7	0	0	7	60	60	60	60	9	9	60	60	48	9	426.863
813006250	2	1	2	1	3	9	9	99	9	4	0	7	0	9	8	60	60	60	60	9	9	60	60	48	9	426.863
813006250	2	2	1	1	1	9	9	1	9	4	0	7	0	0	7	60	60	60	60	9	9	60	60	48	9	426.863
813006250	3	1	1	1	1	9	9	1	1	1	1	1	0	0	7	1	0	0	50	9	9	99	79	48	9	426.863
813006312	1	1	1	1	1	9	9	1	1	1	2	1	0	0	7	1	0	0	50	2	0	1	0	48	9	197.543
813006312	1	2	1	1	1	9	9	5	1	1	0	7	0	0	7	60	60	60	60	2	0	60	60	48	9	197.543
813006312	1	3	99	1	3	9	9	5	1	1	0	7	0	0	7	60	60	60	60	9	9	60	60	48	9	197.543
813006312	1	4	99	1	3	9	9	3	1	1	2	1	0	0	7	1	0	0	50	9	9	99	0	48	9	197.543
813006312	2	1	1	1	1	9	9	1	1	4	1	1	0	0	7	1	0	1	88	9	9	1	0	48	9	197.543
813006312	2	2	99	1	3	9	9	2	1	1	1	1	0	0	7	1	0	0	50	9	9	99	1	48	9	197.543
813006314	1	1	2	1	3	9	9	3	1	4	1	7	0	0	7	60	60	60	60	9	9	60	60	48	9	426.863
813006314	1	2	1	1	1	9	9	1	1	4	1	7	0	0	7	60	60	60	60	9	9	60	60	48	9	426.863
814000081	1	1	1	1	1	9	9	1	1	4	99	1	0	0	7	99	99	99	59	9	9	1	0	49	7	0
814000081	1	2	99	1	3	9	9	3	1	4	0	1	0	9	8	99	99	99	59	9	9	99	0	49	7	0
814000161	1	1	2	1	3	9	9	3	1	4	0	1	0	0	7	1	0	0	50	1	0	1	0	49	7	50.061
814000161	1	2	1	1	1	9	9	1	1	4	0	1	0	0	7	1	0	0	50	1	0	1	0	49	7	50.061
814000241	2	1	1	1	1	9	9	1	9	4	1	7	99	0	7	60	60	60	60	9	9	60	60	49	7	80.73
814000261	1	1	1	1	1	9	9	1	1	4	1	7	0	0	7	60	60	60	60	9	9	60	60	49	7	50.061
814000261	2	1	2	1	3	9	9	2	1	4	1	7	0	0	7	60	60	60	60	9	9	60	60	49	7	50.061
814000261	2	2	1	1	1	9	9	1	1	4	1	7	0	0	7	60	60	60	60	9	9	60	60	49	7	50.061
814000261	3	1	1	1	1	9	9	1	1	4	1	7	0	0	7	60	60	60	60	9	9	60	60	49	7	50.061
814000381	1	1	1	1	1	9	9	1	1	4	1	1	99	0	7	99	99	99	59	9	9	1	0	49	7	23.167
814000401	1	1	1	1	1	9	9	1	1	1	1	1	0	0	7	1	0	0	50	1	0	1	0	49	7	80.73
814000401	1	2	99	1	3	9	9	2	1	1	1	1	0	0	7	1	0	5	5	9	9	99	0	49	7	80.73
814003494	2	1	1	1	1	9	9	1	1	4	1	7	0	0	7	60	60	60	60	9	9	60	60	49	7	50.061
814003588	1	1	1	1	1	9	9	1	1	4	0	1	0	0	7	79	99	99	59	9	9	1	0	49	7	50.061
814003608	1	1	1	1	1	9	9	1	1	4	0	7	0	0	7	60	60	60	60	9	9	60	60	49	7	50.061
814003908	1	1	2	1	3	9	9	2	1	4	0	1	0	0	7	1	0	0	50	9	9	1	0	49	7	50.061
814003908	1	2	1	1	1	9	9	1	1	4	0	1	0	0	7	1	0	0	50	9	9	1	0	49	7	50.061
814004493	1	1	1	1	1	9	9	1	9	4	0	7	79	0	7	60	60	60	60	9	9	60	60	49	7	50.061
814004494	1	1	1	1	1	9	9	1	1	4	1	1	0	0	7	99	99	99	59	9	9	1	0	49	7	50.061
815003535	1	1	1	1	1	9	9	1	1	4	0	1	0	0	7	99	99	99	59	9	9	2	0	72	4	0
815003756	1	1	1	1	1	9	9	1	1	4	1	1	0	9	8	1	0	0	50	9	9	2	0	72	4	0
815003756	3	1	1	1	1	9	9	1	1	4	0	7	0	0	7	60	60	60	60	9	9	60	60	72	4	0
815003857	1	1	1	1	1	9	9	1	9	4	99	7	99	9	8	60	60	60	60	9	9	60	60	72	4	58.657
815003857	2	1	1	1	1	9	9	1	1	4	0	1	99	9	8	79	99	99	59	9	9	2	0	72	4	58.657
815003857	2	2	1	1	1	9	9	2	1	4	0	1	99	9	8	99	99	99	99	9	9	99	99	72	4	58.657
815004096	1	1	1	1	1	9	9	1	1	1	0	7	0	0	7	60	60	60	60	9	9	60	60	72	4	58.657
815004212	1	1	1	1	1	9	9	1	1	4	0	7	0	0	7	60	60	60	60	9	9	60	60	72	4	58.657
815004212	2	1	1	1	1	9	9	1	1	4	1	1	0	0	7	1	0	0	50	9	9	1	0	72	4	58.657
815004212	4	1	1	1	1	9	9	1	1	4	0	7	0	0	7	60	60	60	60	9	9	60	60	72	4	58.657
815005812	1	1	1	1	1	9	9	1	1	4	0	7	0	0	7	60	60	60	60	9	9	60	60	72	4	58.657
815005812	1	2	2	1	3	9	9	99	1	4	0	7	0	0	7	60	60	60	60	9	9	60	60	72	4	58.657
815005814	1	1	1	1	1	9	9	1	1	4	0	1	0	0	7	1	0	0	50	9	9	1	0	72	4	58.657
815005992	1	1	1	1	1	9	9	1	1	1	1	7	0	0	7	60	60	60	60	9	9	60	60	72	4	58.657
815005992	3	1	2	1	3	9	9	3	1	4	1	7	0	0	7	60	60	60	60	9	9	60	60	72	4	58.657
815005992	3	2	1	1	1	9	9	1	1	4	1	7	0	0	7	60	60	60	60	9	9	60	60	72	4	58.657
815006256	1	1	1	1	1	9	9	1	1	4	1	1	0	0	7	1	0	0	50	9	9	1	0	72	4	9.937
815006294	1	1	1	1	1	9	9	1	1	1	1	7	0	0	7	60	60	60	60	1	0	60	60	72	4	58.657
815006352	1	1	1	1	1	9	9	1	1	1	1	7	0	0	7	60	60	60	60	9	9	60	60	72	4	58.657
815006352	2	1	1	1	1	9	9	1	1	1	1	7	0	0	7	60	60	60	60	9	9	60	60	72	4	58.657
816000021	5	1	1	1	1	9	9	1	1	4	99	7	0	0	7	60	60	60	60	9	9	60	60	73	5	60.371
816003502	1	1	1	1	1	9	9	1	1	1	1	1	99	0	7	99	99	99	59	1	0	2	0	73	5	0
816003625	1	1	2	1	3	9	9	2	1	1	2	1	0	0	7	1	0	0	50	1	0	1	99	73	5	0
816003625	1	2	1	1	1	9	9	1	1	1	2	1	0	0	7	1	0	0	50	1	0	1	99	73	5	0
816003625	1	3	2	1	3	9	9	2	1	1	2	1	0	0	7	1	0	0	50	1	0	1	99	73	5	0
816003626	1	1	1	1	1	9	9	1	1	4	0	7	0	9	8	60	60	60	60	9	9	60	60	73	5	0
816003661	1	1	1	1	1	9	9	1	1	4	1	1	0	9	8	1	99	99	59	9	9	1	0	73	5	0
816003785	1	1	1	1	1	9	9	1	1	1	1	1	0	0	7	1	0	0	50	1	0	1	0	73	5	195.635
816003841	1	1	2	1	3	9	9	2	1	4	1	7	0	0	7	60	60	60	60	9	9	60	60	73	5	60.371
816003841	1	2	1	1	1	9	9	1	1	4	1	7	0	0	7	60	60	60	60	9	9	60	60	73	5	60.371
816003841	2	1	2	1	3	9	9	2	1	4	1	1	0	0	7	1	0	99	59	1	9	2	0	73	5	60.371
816003841	2	2	1	1	1	9	9	1	1	4	1	1	0	0	7	1	0	99	59	1	9	2	0	73	5	60.371
816003941	1	1	1	1	1	9	9	1	1	4	99	7	0	0	7	60	60	60	60	9	9	60	60	73	5	356.366
816003982	1	1	1	1	1	9	9	1	1	4	0	7	0	0	7	60	60	60	60	9	9	60	60	73	5	356.366
816003982	2	1	1	1	1	9	9	1	1	4	1	99	99	0	7	69	69	69	69	9	9	69	69	73	5	356.366
816004741	1	1	1	1	1	9	9	1	1	4	99	1	0	0	7	99	99	99	59	9	9	1	0	73	5	60.371
816004741	1	2	99	1	3	9	9	2	1	4	99	1	0	0	7	99	99	99	59	9	9	99	0	73	5	60.371
816004741	3	1	1	1	1	9	9	1	1	1	0	1	0	0	7	99	99	99	59	1	0	1	0	73	5	60.371
816004806	1	1	1	1	1	9	9	1	1	1	1	1	0	0	7	1	0	0	50	1	0	1	0	73	5	60.371
816004806	1	2	99	1	3	9	9	3	1	1	1	1	0	0	7	1	0	0	50	9	9	99	0	73	5	60.371
816004821	1	1	1	1	1	9	9	1	1	4	1	7	0	0	7	60	60	60	60	9	9	60	60	73	5	60.371
816004821	1	2	1	1	1	9	9	5	1	4	0	1	0	0	7	1	0	0	50	9	9	1	0	73	5	60.371
816004901	1	1	1	1	1	9	9	1	1	1	1	1	0	0	7	1	0	0	50	9	9	99	0	73	5	195.635
816004901	1	2	99	1	3	9	9	2	1	1	1	1	0	0	7	1	0	99	59	9	9	99	99	73	5	195.635
816004941	1	1	1	1	1	9	9	1	1	1	1	1	99	0	7	99	99	99	59	9	9	1	0	73	5	60.371
816004941	1	2	99	1	3	9	9	2	1	1	1	1	0	9	8	99	99	99	59	9	9	99	0	73	5	60.371
816005021	1	1	2	1	3	9	9	3	1	4	0	1	0	0	7	79	99	99	59	9	9	1	79	73	5	0
816005021	1	2	1	1	1	9	9	1	1	4	0	1	0	0	7	1	99	99	59	9	9	1	79	73	5	0
816005022	1	1	1	1	1	9	9	1	1	4	0	1	0	0	7	99	99	99	59	9	9	1	0	73	5	356.366
816005262	1	1	1	1	1	9	9	1	1	4	1	1	0	0	7	1	0	0	50	9	9	1	0	73	5	60.371
816005262	1	2	99	1	3	9	9	2	1	4	1	1	0	1	0	99	99	6	99	9	9	99	0	73	5	60.371
816005321	2	1	1	1	1	9	9	1	1	4	2	1	0	0	7	1	0	0	50	9	9	2	0	73	5	195.635
816005445	1	1	1	1	1	9	9	1	9	4	99	7	0	0	7	60	60	60	60	9	9	60	60	73	5	60.371
816005521	1	1	1	1	1	9	9	1	1	4	0	7	0	0	7	60	60	60	60	9	9	60	60	73	5	60.371
816005585	1	1	1	1	1	9	9	1	1	1	1	1	0	0	7	1	0	0	50	9	9	1	0	73	5	60.371
816005585	1	2	99	1	3	9	9	3	1	1	1	1	0	1	0	1	0	0	50	9	9	99	0	73	5	60.371
816005585	2	1	2	1	3	9	9	2	1	1	1	7	0	0	7	60	60	60	60	9	9	60	60	73	5	60.371
816005585	2	2	1	1	1	9	9	1	1	1	1	7	0	0	7	60	60	60	60	9	9	60	60	73	5	60.371
816006105	1	1	2	1	3	9	9	3	1	4	1	7	0	0	7	60	60	60	60	9	9	60	60	73	5	195.635
816006105	1	2	1	1	1	9	9	1	1	4	1	7	0	0	7	60	60	60	60	9	9	60	60	73	5	195.635
816006281	1	1	1	1	1	9	9	1	1	4	0	1	0	0	7	1	0	0	50	9	9	1	0	73	5	195.635
817003568	1	1	1	1	1	9	9	1	1	4	0	1	99	9	8	1	99	99	59	9	9	1	0	74	4	0
817003568	1	2	99	1	3	9	9	2	1	1	0	1	0	0	7	99	99	0	50	9	9	99	0	74	4	0
817003708	1	1	1	1	1	9	9	1	1	4	0	1	0	0	7	1	0	0	50	9	9	1	0	74	4	0
817003812	1	1	2	1	3	9	9	3	1	4	0	7	0	0	7	60	60	60	60	9	9	60	60	74	4	0
817003812	1	2	1	1	1	9	9	1	1	4	0	7	0	0	7	60	60	60	60	9	9	60	60	74	4	0
817003873	1	1	1	1	1	9	9	1	9	4	0	7	0	0	7	60	60	60	60	9	9	60	60	74	4	34.412
817004028	1	1	1	1	1	9	9	1	1	1	0	1	0	0	7	1	0	0	50	1	0	1	0	74	4	34.412
817004268	2	1	2	1	3	9	9	2	9	4	0	7	0	0	7	60	60	60	60	9	9	60	60	74	4	34.412
817004268	2	2	1	1	1	9	9	1	9	4	0	7	0	0	7	60	60	60	60	9	9	60	60	74	4	34.412
817004428	2	1	1	1	1	9	9	1	1	1	0	7	0	0	7	60	60	60	60	9	9	60	60	74	4	34.412
817004428	3	1	2	1	3	9	9	2	1	1	1	7	0	1	9	60	60	60	60	9	9	60	60	74	4	34.412
817004428	3	2	1	1	1	9	9	1	1	1	1	7	0	0	7	60	60	60	60	9	9	60	60	74	4	34.412
817004468	1	1	1	1	1	9	9	1	1	4	1	7	0	0	7	60	60	60	60	9	9	60	60	74	4	34.412
817004528	1	1	2	1	3	9	9	99	9	4	0	7	0	0	7	60	60	60	60	9	9	60	60	74	4	34.412
817004528	1	2	1	1	1	9	9	99	9	4	0	7	0	0	7	60	60	60	60	9	9	60	60	74	4	34.412
817004528	1	3	2	1	3	9	9	2	1	1	1	7	0	0	7	60	60	60	60	9	9	60	60	74	4	34.412
817004528	1	4	1	1	1	9	9	1	1	1	1	7	0	0	7	60	60	60	60	9	9	60	60	74	4	34.412
817004548	1	1	1	1	1	9	9	1	1	1	0	1	0	0	7	1	0	0	50	1	0	1	0	74	4	18.891
817004568	1	1	1	1	1	9	9	1	1	4	1	7	0	0	7	60	60	60	60	9	9	60	60	74	4	34.412
817004589	1	1	1	1	1	9	9	6	1	1	0	1	0	0	7	1	0	0	50	1	0	2	0	74	4	34.412
817004589	1	2	1	1	1	9	9	1	1	1	2	1	0	0	7	1	0	0	50	1	0	2	0	74	4	34.412
817004608	1	1	1	1	1	9	9	1	1	4	0	1	0	0	7	1	0	0	50	9	9	1	0	74	4	5.83
817004609	2	1	1	1	1	9	9	1	1	4	0	7	0	0	7	60	60	60	60	9	9	60	60	74	4	5.83
817004988	1	1	1	1	1	9	9	1	1	1	1	1	0	0	7	1	0	0	50	1	0	1	0	74	4	34.412
817004988	1	2	99	1	3	9	9	3	1	1	1	1	0	0	7	1	0	0	50	9	9	99	0	74	4	34.412
817005008	1	1	2	1	3	9	9	2	1	1	1	1	0	0	7	1	0	0	50	1	0	1	0	74	4	34.412
817005008	1	2	1	1	1	9	9	1	1	1	1	1	0	0	7	1	0	0	50	1	0	1	0	74	4	34.412
817005288	1	1	1	1	1	9	9	1	1	1	0	7	0	0	7	60	60	60	60	9	9	60	60	74	4	18.891
817005348	1	1	1	1	1	9	9	1	1	4	0	7	0	0	7	60	60	60	60	9	9	60	60	74	4	34.412
817005349	1	1	1	1	1	9	9	4	1	1	0	1	0	0	7	1	0	0	50	1	0	1	0	74	4	18.891
817005349	1	2	1	1	1	9	9	1	1	1	0	1	0	0	7	1	0	0	50	1	0	1	0	74	4	18.891
817005433	1	1	1	1	1	9	9	1	1	1	0	1	0	0	7	1	0	0	50	1	0	1	0	74	4	34.412
817005448	1	1	1	1	1	9	9	1	1	1	1	1	0	0	7	1	0	0	50	1	0	1	0	74	4	34.412
817005608	1	1	1	1	1	9	9	1	1	1	1	7	0	0	7	60	60	60	60	9	9	60	60	74	4	34.412
817005609	1	1	1	1	1	9	9	1	1	4	0	1	0	0	7	1	0	0	50	9	0	1	0	74	4	5.83
817005648	1	1	1	1	1	9	9	1	1	1	0	7	0	0	7	60	60	60	60	9	9	60	60	74	4	34.412
817005648	1	2	2	1	3	9	9	2	1	1	0	7	0	0	7	60	60	60	60	9	9	60	60	74	4	34.412
817005948	1	1	1	1	1	9	9	1	1	1	0	7	0	0	7	60	60	60	60	9	9	60	60	74	4	18.891
817006088	1	1	1	1	1	9	9	1	1	1	1	1	0	0	7	1	0	0	50	1	0	1	0	74	4	34.412
817006168	1	1	1	1	1	9	9	1	1	1	0	7	0	0	7	60	60	60	60	9	9	60	60	74	4	18.891
817006168	2	1	1	1	1	9	9	1	1	1	1	1	0	0	7	1	0	0	50	1	0	1	0	74	4	18.891
817006168	2	2	1	1	1	9	9	2	1	1	1	1	0	0	7	1	0	0	50	1	0	2	0	74	4	18.891
817006188	1	1	1	1	1	9	9	1	1	1	0	7	0	0	7	60	60	60	60	9	9	60	60	74	4	34.412
817006248	1	1	1	1	1	9	9	1	1	1	1	7	0	0	7	60	60	60	60	9	9	60	60	74	4	34.412
817006248	1	2	1	1	1	9	9	5	1	1	0	7	0	0	7	60	60	60	60	9	9	60	60	74	4	34.412
817006354	1	1	1	1	1	9	9	1	1	4	0	1	0	0	7	1	0	0	50	9	9	1	0	74	4	18.891
817006354	2	1	1	1	1	9	9	1	1	1	1	7	0	0	7	60	60	60	60	9	9	60	60	74	4	18.891
818003452	1	1	1	1	1	9	9	1	1	4	0	7	99	9	8	60	60	60	60	9	9	60	60	75	11	0
818003832	1	1	2	1	3	9	9	3	1	4	1	1	0	0	7	1	0	4	8	1	0	1	0	75	11	24.292
818003832	1	2	1	1	1	9	9	1	1	4	1	1	0	0	7	1	0	3	8	1	0	1	0	75	11	24.292
818003852	1	1	1	1	1	9	9	1	9	4	1	7	0	0	7	60	60	60	60	9	9	60	60	75	11	67.552
818003892	1	1	2	1	3	9	9	2	1	1	1	7	0	0	7	60	60	60	60	9	9	60	60	75	11	127.287
818003892	1	2	1	1	1	9	9	1	1	1	1	7	0	0	7	60	60	60	60	9	9	60	60	75	11	127.287
818004136	1	1	1	1	1	9	9	1	1	4	1	7	0	0	7	60	60	60	60	9	9	60	60	75	11	67.552
818004292	1	1	1	1	1	9	9	1	1	4	1	1	0	0	7	1	0	0	50	9	9	1	0	75	11	67.552
818004312	1	1	1	1	1	9	9	1	1	4	0	1	0	0	7	1	0	0	50	9	9	1	0	75	11	24.292
818004356	1	1	1	1	1	9	9	6	1	4	0	7	0	0	7	60	60	60	60	9	9	60	60	75	11	127.287
818004356	1	2	1	1	1	9	9	1	1	4	1	7	0	0	7	60	60	60	60	9	9	60	60	75	11	127.287
818004356	2	1	1	1	1	9	9	1	1	4	0	7	0	0	7	60	60	60	60	9	9	60	60	75	11	127.287
818004592	1	1	1	1	1	9	9	1	1	4	1	1	0	0	7	1	0	0	50	9	9	1	0	75	11	24.292
818004593	1	1	2	1	3	9	9	2	1	4	1	7	0	0	7	60	60	60	60	9	9	60	60	75	11	127.287
818004593	1	2	1	1	1	9	9	1	1	4	1	7	0	0	7	60	60	60	60	9	9	60	60	75	11	127.287
818004792	1	1	1	1	1	9	9	1	1	4	1	7	0	0	7	60	60	60	60	9	9	60	60	75	11	127.287
818004792	2	1	1	1	1	9	9	1	1	4	0	7	0	0	7	60	60	60	60	9	9	60	60	75	11	127.287
818005032	1	1	99	1	3	9	9	3	1	1	1	1	0	0	7	1	0	0	50	9	9	99	0	75	11	67.552
818005032	1	2	1	1	1	9	9	1	1	1	1	1	0	0	7	1	0	0	50	1	0	1	0	75	11	67.552
818005032	2	1	99	1	3	9	9	3	1	1	1	1	0	0	7	1	0	0	50	9	9	99	0	75	11	67.552
818005032	2	2	1	1	1	9	9	1	1	1	1	1	0	0	7	1	0	0	50	1	0	1	0	75	11	67.552
818005112	1	1	1	1	1	9	9	1	1	1	1	7	0	0	7	60	60	60	60	9	9	99	60	75	11	24.292
818005112	1	2	99	1	3	9	9	3	1	1	1	7	0	0	7	60	60	60	60	9	9	60	60	75	11	24.292
818005532	1	1	1	1	1	9	9	1	1	4	2	7	0	0	7	60	60	60	60	9	9	60	60	75	11	127.287
818005552	1	1	2	1	3	9	9	2	1	4	1	7	0	0	7	60	60	60	60	9	9	60	60	75	11	67.552
818005552	1	2	1	1	1	9	9	1	1	4	1	7	0	0	7	60	60	60	60	9	9	60	60	75	11	67.552
818005552	2	1	1	1	1	9	9	1	1	4	0	7	0	0	7	60	60	60	60	9	9	60	60	75	11	67.552
818005572	1	1	1	1	1	9	9	1	1	4	0	7	0	0	7	60	60	60	60	9	9	60	60	75	11	127.287
818005755	1	1	1	1	1	9	9	1	1	4	0	1	0	0	7	1	0	0	50	9	9	1	0	75	11	67.552
818005852	1	1	1	1	1	9	9	1	1	4	1	1	0	0	7	1	0	0	50	9	9	1	0	75	11	67.552
818005872	1	1	1	1	1	9	9	1	1	4	1	1	0	0	7	1	0	2	7	9	9	1	0	75	11	67.552
818005872	1	2	99	1	3	9	9	3	1	1	2	1	0	0	7	1	0	99	59	9	9	99	0	75	11	67.552
818005952	1	1	1	1	1	9	9	1	1	4	0	1	0	0	7	1	0	0	50	9	9	1	0	75	11	127.287
818006053	1	1	1	1	1	9	9	1	1	4	1	1	0	0	7	1	0	0	50	9	9	2	0	75	11	127.287
818006053	2	1	1	1	1	9	9	1	1	4	1	7	0	0	7	60	60	60	60	9	9	60	60	75	11	127.287
818006053	3	1	1	1	1	9	9	1	9	4	1	99	99	0	7	69	69	69	69	9	9	69	69	75	11	127.287
818006053	3	2	1	1	1	9	9	99	9	4	0	99	99	0	7	69	69	69	69	9	9	69	69	75	11	127.287
818006053	4	1	1	1	1	9	9	1	1	4	1	7	0	0	7	60	60	60	60	9	9	60	60	75	11	127.287
818006132	1	1	1	1	1	9	9	1	1	4	1	1	0	0	7	1	0	0	50	1	0	2	0	75	11	127.287
819003405	1	1	2	1	3	9	9	99	9	4	99	7	99	9	8	60	60	60	60	9	9	60	60	76	12	0
819003405	1	2	1	1	1	9	9	1	9	4	99	7	99	9	8	60	60	60	60	9	9	60	60	76	12	0
819003448	1	1	1	1	1	9	9	1	1	4	0	1	0	0	7	1	0	0	50	9	9	1	0	76	12	0
819003685	1	1	1	1	1	9	9	1	1	1	0	1	0	0	7	1	0	0	50	9	9	1	0	76	12	0
819004145	1	1	1	1	1	9	9	1	1	1	0	1	0	0	7	1	0	0	50	1	0	1	0	76	12	339.044
819004325	1	1	1	1	1	9	9	1	1	4	0	1	0	0	7	1	0	0	50	9	9	1	0	76	12	64.704
819004325	2	1	2	1	3	9	9	2	1	1	0	1	0	0	7	1	0	0	50	1	0	1	0	76	12	64.704
819004325	2	2	1	1	1	9	9	1	1	1	0	1	0	0	7	1	0	0	50	1	0	1	0	76	12	64.704
819004445	2	1	2	1	3	9	9	2	1	1	1	1	0	0	7	1	0	0	50	1	0	1	0	76	12	179.933
819004445	2	2	1	1	1	9	9	1	1	1	0	1	0	0	7	1	0	0	50	1	0	1	0	76	12	179.933
819004445	3	1	2	1	3	9	9	2	1	1	1	1	0	1	0	1	0	0	50	1	0	1	0	76	12	179.933
819004445	3	2	1	1	1	9	9	1	1	1	1	1	0	0	7	1	0	0	50	1	0	1	0	76	12	179.933
819004525	1	1	2	1	3	9	9	2	1	1	0	1	0	0	7	1	0	0	50	1	0	1	0	76	12	64.704
819004525	1	2	1	1	1	9	9	1	1	1	0	1	0	0	7	1	0	0	50	1	0	1	0	76	12	64.704
819004665	1	1	1	1	1	9	9	1	1	4	1	1	0	0	7	1	0	0	50	9	9	1	0	76	12	64.704
819004665	2	1	1	1	1	9	9	1	1	1	1	7	0	0	7	60	60	60	60	9	9	60	60	76	12	64.704
819005385	1	1	99	1	3	9	9	3	1	1	1	7	0	0	7	60	60	60	60	9	9	60	60	76	12	179.933
819005385	1	2	1	1	1	9	9	1	1	1	1	7	0	0	7	60	60	60	60	9	9	60	60	76	12	179.933
819005385	2	1	2	1	3	9	9	2	1	4	1	1	0	1	0	1	0	0	50	9	9	1	0	76	12	179.933
819005385	2	2	1	1	1	9	9	1	1	4	1	1	0	0	7	1	0	0	50	9	9	1	0	76	12	179.933
819005385	3	1	1	1	1	9	9	1	1	1	1	1	0	0	7	1	0	0	50	1	0	1	0	76	12	179.933
819005385	3	2	2	1	3	9	9	2	1	1	1	1	0	0	7	1	0	0	50	1	0	1	0	76	12	179.933
819005385	3	3	1	1	1	9	9	5	1	1	0	7	0	0	7	60	60	60	60	9	9	60	60	76	12	179.933
819005385	3	4	2	1	3	9	9	5	1	1	0	7	0	0	7	60	60	60	60	9	9	60	60	76	12	179.933
819005808	1	1	1	1	1	9	9	99	9	9	99	99	99	9	9	99	99	99	99	9	9	99	99	76	12	179.933
820003922	1	1	1	1	1	9	9	1	1	4	1	1	0	0	7	1	0	0	50	9	9	1	0	78	12	49.662
820004043	1	1	2	1	3	9	9	2	1	1	0	1	0	0	7	1	0	0	50	1	0	1	99	78	12	138.103
820004043	1	2	1	1	1	9	9	1	1	1	0	1	0	0	7	1	0	0	50	1	0	1	79	78	12	138.103
820004822	1	1	99	1	3	9	9	3	1	4	0	7	0	1	0	60	60	60	60	9	9	60	60	78	12	49.662
820004822	1	2	1	1	1	9	9	1	1	4	1	7	0	0	7	60	60	60	60	9	9	60	60	78	12	49.662
820004962	2	1	2	1	3	9	9	2	1	1	0	7	0	1	0	60	60	60	60	9	9	60	60	78	12	138.103
820004962	2	2	1	1	1	9	9	1	1	1	0	7	0	0	7	60	60	60	60	9	9	60	60	78	12	138.103
820005082	1	1	1	1	1	9	9	1	1	1	1	1	0	0	7	1	0	0	50	1	0	1	0	78	12	138.103
820005442	1	1	2	1	3	9	9	2	1	4	0	1	0	0	7	1	1	88	99	9	9	1	99	78	12	49.662
820005442	1	2	1	1	1	9	9	1	1	4	0	1	0	0	7	1	1	88	99	9	9	1	99	78	12	49.662
820005502	2	1	1	1	1	9	9	1	9	4	99	99	99	9	8	69	69	69	69	9	9	69	69	78	12	260.223
820005922	1	1	1	1	1	9	9	1	1	1	1	1	0	0	7	1	0	0	50	1	0	1	0	78	12	138.103
820005922	1	2	2	1	3	9	9	3	1	1	1	1	0	0	7	1	1	0	50	1	0	1	0	78	12	138.103
820006002	2	1	1	1	1	9	9	99	9	9	99	99	99	9	9	99	99	99	99	9	9	99	99	78	12	49.662
820006082	2	1	1	1	1	9	9	1	1	4	0	7	0	0	7	60	60	60	60	9	9	60	60	78	12	138.103
820006142	2	1	2	1	3	1	1	5	1	1	0	7	0	0	7	60	60	60	60	1	0	60	60	78	12	49.662
820006142	2	2	1	1	1	9	9	5	1	1	0	7	0	0	7	60	60	60	60	1	0	60	60	78	12	49.662
820006142	2	3	2	1	3	9	9	2	1	1	0	1	0	0	7	1	0	0	50	1	0	1	0	78	12	49.662
820006142	2	4	1	1	1	9	9	1	1	1	1	1	0	0	7	1	0	0	50	1	0	1	0	78	12	49.662
820006202	1	1	1	1	1	9	9	1	1	1	0	7	0	0	7	60	60	60	60	9	9	60	60	78	12	260.223
820006265	1	1	1	1	1	9	9	1	1	1	0	7	0	0	7	60	60	60	60	1	0	60	60	78	12	138.103
820006265	1	2	1	1	1	9	9	2	1	1	0	7	0	0	7	60	60	60	60	1	0	60	60	78	12	138.103
820006302	1	1	1	1	1	9	9	1	1	4	0	7	0	0	7	60	60	60	60	9	9	60	60	78	12	49.662
820006362	1	1	1	1	1	9	9	1	1	4	0	1	0	0	7	1	0	0	50	9	9	1	0	78	12	49.662
821003909	1	1	1	1	1	9	9	1	1	1	1	7	0	0	7	60	60	60	60	9	9	60	60	79	10	2.424
821003909	2	1	1	1	1	9	9	1	1	1	1	7	0	0	7	60	60	60	60	9	9	60	60	79	10	2.424
821003909	2	2	1	1	1	9	9	3	1	1	1	7	0	0	7	60	60	60	60	9	9	60	60	79	10	2.424
821004027	1	1	1	1	1	9	9	1	1	4	0	1	0	0	7	99	99	0	50	9	9	1	0	79	10	2.424
821004027	2	1	1	1	1	9	9	1	1	4	99	3	0	0	7	99	99	99	59	9	9	1	0	79	10	2.424
821004047	1	1	1	1	1	9	9	1	1	4	0	1	0	9	8	1	0	0	50	9	9	1	0	79	10	6.74
821004308	1	1	1	1	1	9	9	1	1	4	1	1	0	0	7	1	0	0	50	9	9	1	0	79	10	2.424
821004612	1	1	2	1	3	9	9	3	9	4	1	7	0	1	9	60	60	60	60	9	9	60	60	79	10	2.424
821004612	1	2	1	1	1	9	9	1	9	4	1	7	0	0	7	60	60	60	60	9	9	60	60	79	10	2.424
821004629	3	1	1	1	1	9	9	1	1	1	1	7	0	0	7	60	60	60	60	9	9	60	60	79	10	12.701
821004749	1	1	2	1	3	9	9	2	1	4	0	1	0	0	7	1	0	0	50	9	9	1	99	79	10	2.424
821004749	1	2	1	1	1	9	9	1	1	4	0	1	0	0	7	1	0	0	50	9	9	1	99	79	10	2.424
821004889	1	1	2	1	3	9	9	2	1	1	1	1	0	0	7	1	0	0	50	1	9	1	99	79	10	2.424
821004889	1	2	1	1	1	9	9	1	1	1	1	1	0	0	7	1	0	0	50	1	9	1	99	79	10	2.424
821004950	1	1	1	1	1	9	9	1	1	4	0	7	0	0	7	60	60	60	60	9	9	60	60	79	10	2.424
821005093	2	1	1	1	1	9	9	1	1	1	1	1	0	0	7	1	0	0	50	1	0	1	0	79	10	12.701
821005093	3	1	1	1	1	9	9	1	1	1	0	7	0	0	7	60	60	60	60	9	9	60	60	79	10	12.701
821005093	4	1	1	1	1	9	9	1	1	1	0	7	0	0	7	60	60	60	60	9	9	60	60	79	10	12.701
821005129	1	1	1	1	1	9	9	1	1	1	1	1	0	0	7	1	0	6	99	1	0	1	0	79	10	12.701
821005149	1	1	2	1	3	9	9	2	1	4	1	7	0	0	7	60	60	60	60	9	9	60	60	79	10	12.701
821005149	1	2	1	1	1	9	9	1	1	4	1	7	0	0	7	60	60	60	60	9	9	60	60	79	10	12.701
821005149	1	3	2	1	3	9	9	6	1	4	0	7	0	0	7	60	60	60	60	9	9	60	60	79	10	12.701
821005149	1	4	1	1	1	9	9	6	1	4	0	7	0	0	7	60	60	60	60	9	9	60	60	79	10	12.701
821005329	1	1	1	1	1	9	9	1	1	4	1	1	0	0	7	1	0	0	50	9	9	1	0	79	10	2.424
821005409	1	1	1	1	1	9	9	1	1	1	1	1	0	0	7	1	0	0	50	1	9	99	0	79	10	12.701
821005409	2	1	1	1	1	9	9	1	1	4	1	7	0	0	7	60	60	60	60	9	9	60	60	79	10	12.701
821005491	2	1	1	1	1	9	9	1	1	1	1	7	0	0	7	60	60	60	60	9	9	60	60	79	10	12.701
821005491	2	2	1	1	1	9	9	5	1	1	0	7	0	0	7	60	60	60	60	9	9	99	60	79	10	12.701
821005491	2	3	1	1	1	9	9	7	1	1	0	7	0	0	7	60	60	60	60	9	9	99	60	79	10	12.701
821005491	3	1	1	1	1	9	9	1	1	1	0	7	0	0	7	60	60	60	60	9	9	60	60	79	10	12.701
821005491	4	1	2	1	3	9	9	3	1	1	1	7	0	0	7	60	60	60	60	9	9	60	60	79	10	12.701
821005491	4	2	1	1	1	9	9	1	1	1	1	7	0	0	7	60	60	60	60	9	9	60	60	79	10	12.701
821005491	5	1	1	1	1	9	9	1	1	1	0	7	0	0	7	60	60	60	60	9	9	60	60	79	10	12.701
821005509	1	1	1	1	1	9	9	1	1	4	0	1	0	0	7	1	0	0	50	9	9	1	0	79	10	6.74
821005509	1	2	1	1	1	9	9	6	1	4	99	7	0	0	7	60	60	60	60	9	9	60	60	79	10	6.74
821005709	1	1	1	1	1	9	9	1	1	1	1	7	0	0	7	60	60	60	60	9	9	60	60	79	10	12.701
821005752	19	1	1	1	1	9	9	1	1	4	0	7	99	0	7	60	60	60	60	9	9	60	60	79	10	6.74
821005752	21	1	1	1	1	9	9	1	1	4	1	1	0	0	7	1	0	0	50	9	9	2	0	79	10	6.74
821005752	21	2	1	1	1	9	9	1	1	4	99	99	99	9	9	99	99	99	99	9	9	99	99	79	10	6.74
821005752	27	1	2	1	3	9	9	2	1	4	1	1	0	9	8	1	0	0	50	9	9	1	99	79	10	6.74
821005752	27	2	1	1	1	9	9	1	1	4	1	1	0	0	7	1	0	0	50	9	9	1	99	79	10	6.74
821005752	27	3	1	1	1	9	9	1	9	9	99	99	99	9	9	99	99	99	99	9	9	99	99	79	10	6.74
821005752	27	4	1	1	1	9	9	1	9	9	99	99	99	9	9	99	99	99	99	9	9	99	99	79	10	6.74
821005753	1	1	1	1	1	9	9	1	1	1	1	1	0	0	7	1	0	0	50	9	9	1	0	79	10	6.74
821005753	1	2	2	1	3	9	9	2	1	1	1	7	99	9	8	60	60	60	60	9	9	60	60	79	10	6.74
821005810	1	1	1	1	1	9	9	1	1	4	1	1	0	0	7	1	0	0	50	9	9	1	0	79	10	12.701
821005849	2	1	1	1	1	9	9	1	1	4	0	7	0	0	7	60	60	60	60	9	9	60	60	79	10	6.74
821005849	3	1	1	1	1	9	9	1	1	4	0	1	0	0	7	1	0	0	50	9	9	2	0	79	10	6.74
821005849	4	1	1	1	1	9	9	1	1	4	2	7	0	0	7	60	60	60	60	9	9	60	60	79	10	6.74
821005849	4	2	1	1	1	9	9	5	1	4	0	7	0	0	7	60	60	60	60	9	9	60	60	79	10	6.74
821005929	2	1	1	1	1	9	9	1	1	4	0	7	0	0	7	60	60	60	60	9	9	60	60	79	10	12.701
821005931	2	1	2	1	3	9	9	2	1	4	1	7	0	0	7	60	60	60	60	9	9	60	60	79	10	12.701
821005931	2	2	1	1	1	9	9	1	1	4	1	7	0	0	7	60	60	60	60	9	9	60	60	79	10	12.701
821006029	1	1	1	1	1	9	9	1	1	4	1	1	0	0	7	1	0	0	50	9	9	1	0	79	10	12.701
821006094	1	1	1	1	1	9	9	1	1	4	1	7	0	0	7	60	60	60	60	9	9	60	60	79	10	6.74
821006094	2	1	1	1	1	9	9	1	1	4	2	7	0	0	7	60	60	60	60	9	9	60	60	79	10	6.74
821006094	2	2	1	1	1	9	9	6	1	4	1	7	0	0	7	60	60	60	60	9	9	60	60	79	10	6.74
821006094	2	3	1	1	1	9	9	7	1	4	0	7	0	0	7	60	60	60	60	9	9	60	60	79	10	6.74
821006149	1	1	1	1	1	9	9	1	1	4	1	7	0	0	7	60	60	60	60	9	9	60	60	79	10	12.701
821006210	1	1	1	1	1	9	9	1	1	1	1	1	0	0	7	1	0	0	50	1	0	1	0	79	10	6.74
821006210	1	2	99	1	3	9	9	3	1	1	1	7	1	0	7	60	60	60	60	9	9	60	60	79	10	6.74
821006210	3	1	1	1	1	9	9	5	1	1	0	7	0	0	7	60	60	60	60	1	0	60	60	79	10	6.74
821006210	3	2	1	1	1	9	9	1	1	1	2	1	0	0	7	1	0	0	50	1	0	1	0	79	10	6.74
821006210	3	3	99	1	3	9	9	5	1	1	2	7	0	0	7	60	60	60	60	9	9	60	60	79	10	6.74
821006210	3	4	99	1	3	9	9	2	1	1	2	1	0	0	7	1	0	0	50	9	9	99	0	79	10	6.74
821006309	1	1	1	1	1	9	9	1	1	4	1	1	0	0	7	1	0	0	50	9	9	1	0	79	10	6.74
821006309	2	1	1	1	1	9	9	1	1	1	1	1	0	0	7	1	0	0	50	1	9	1	0	79	10	6.74
821006309	4	1	1	1	1	9	9	1	1	4	0	1	0	0	7	1	0	0	50	9	9	1	0	79	10	6.74
821006389	1	1	2	1	3	9	9	2	1	4	99	1	0	0	7	1	0	0	50	9	9	1	0	79	10	12.701
821006389	1	2	1	1	1	9	9	1	1	4	99	1	0	0	7	1	0	0	50	9	9	1	0	79	10	12.701
821006389	2	1	2	1	3	9	9	3	1	4	1	7	0	1	0	60	60	60	60	9	9	60	60	79	10	12.701
821006389	2	2	1	1	1	9	9	1	1	4	1	7	0	0	7	60	60	60	60	9	9	60	60	79	10	12.701
822006347	1	1	1	1	1	9	9	1	1	4	1	1	0	0	7	1	0	0	50	9	9	99	0	81	11	38.971
822006347	2	1	1	1	1	9	9	1	1	4	0	1	0	0	7	1	0	0	50	9	9	1	0	81	11	38.971
823003603	1	1	1	1	1	9	9	1	1	1	0	1	0	0	7	1	0	0	50	9	9	1	0	82	10	0
823003886	1	1	1	1	1	9	9	1	1	4	0	7	0	0	7	60	60	60	60	9	9	60	60	82	10	62.628
823003886	2	1	1	1	1	9	9	1	1	4	0	7	0	0	7	60	60	60	60	9	9	60	60	82	10	62.628
823004062	1	1	1	1	1	9	9	1	1	1	1	1	0	0	7	1	0	0	50	9	9	1	0	82	10	62.628
823004582	1	1	2	1	3	9	9	99	1	4	0	7	0	9	8	60	60	60	60	9	9	60	60	82	10	62.628
823004582	1	2	1	1	1	9	9	1	1	4	0	7	0	0	7	60	60	60	60	9	9	60	60	82	10	62.628
823004582	2	1	1	1	1	9	9	1	1	1	1	7	0	0	7	60	60	60	60	1	0	60	60	82	10	62.628
823004705	1	1	1	1	1	9	9	1	1	4	1	7	0	0	7	60	60	60	60	9	9	60	60	82	10	62.628
823004762	1	1	1	1	1	9	9	1	1	4	0	1	0	0	7	1	0	0	50	9	9	2	0	82	10	33.237
823004762	2	1	1	1	1	9	9	1	1	1	0	1	0	0	7	1	0	0	50	2	0	2	0	82	10	33.237
823004762	3	1	1	1	1	9	9	1	1	1	1	7	0	0	7	60	60	60	60	9	9	60	60	82	10	33.237
823004762	3	2	1	1	1	9	9	5	1	1	0	7	0	0	7	60	60	60	60	9	9	60	60	82	10	33.237
828004080	1	1	1	1	1	9	9	99	9	9	99	99	99	9	9	99	99	99	99	1	0	99	99	5	2	790.707
828004158	1	1	1	1	1	9	9	1	1	1	1	1	0	0	7	1	0	0	50	1	0	99	99	5	2	790.707
864004188	1	1	1	1	1	9	9	1	1	1	0	1	0	0	7	1	0	0	50	1	0	99	99	6	1	29.901
864004408	1	1	1	1	1	9	9	1	1	4	99	1	0	0	7	99	99	99	59	9	9	1	0	6	1	19.812
864004487	2	1	1	1	1	9	9	1	1	1	0	7	0	0	7	60	60	60	60	9	9	60	60	6	1	29.901
864004627	3	1	1	1	1	9	9	1	1	1	0	7	0	0	7	60	60	60	60	9	9	60	60	6	1	29.901
864004627	3	2	1	1	1	9	9	3	1	1	0	7	0	0	7	60	60	60	60	9	9	60	60	6	1	29.901
864004628	1	1	2	1	3	9	9	3	1	4	99	7	0	0	7	60	60	60	60	9	9	60	60	6	1	29.901
864004628	1	2	1	1	1	9	9	1	1	4	99	7	0	0	7	60	60	60	60	9	9	60	60	6	1	29.901
864004727	1	1	2	1	3	9	9	2	1	4	0	1	0	0	7	1	0	0	50	9	9	1	0	6	1	19.812
864004727	1	2	1	1	1	9	9	1	1	4	0	1	0	0	7	1	0	0	50	9	9	1	0	6	1	19.812
864004728	1	1	1	1	1	9	9	1	1	4	0	1	0	0	7	99	99	99	99	9	9	99	99	6	1	19.812
864004811	1	1	2	1	3	9	9	3	1	1	0	7	0	0	7	60	60	60	60	9	9	60	60	6	1	29.901
864004811	1	2	1	1	1	9	9	1	1	1	0	7	0	0	7	60	60	60	60	9	9	60	60	6	1	29.901
864005408	1	1	1	1	1	9	9	1	1	4	0	1	1	0	7	1	0	3	7	9	9	1	0	6	1	19.812
864005408	1	2	99	1	3	9	9	2	1	4	0	1	0	0	7	1	0	0	50	9	9	99	1	6	1	19.812
870003250	1	1	1	1	1	9	9	1	1	4	99	99	99	0	7	99	99	69	69	9	9	69	99	49	7	0
870003250	1	2	2	1	3	9	9	2	9	4	99	99	99	0	7	99	99	69	69	9	9	69	99	49	7	0
870003268	1	1	1	1	1	9	9	1	1	4	1	7	0	0	7	60	60	60	60	9	9	60	60	49	7	0
870003268	1	2	99	1	3	9	9	3	1	4	1	7	0	9	8	60	60	60	60	9	9	60	60	49	7	0
870004528	1	1	1	1	1	9	9	1	1	4	0	1	99	0	7	99	99	99	59	9	9	1	0	49	7	23.167
870004628	1	1	1	1	1	9	9	1	1	4	0	1	0	0	7	99	99	99	59	9	9	9	99	49	7	50.061
870004628	2	1	1	1	1	9	9	1	1	4	1	7	0	0	7	60	60	60	60	9	9	60	60	49	7	50.061
870004628	2	2	2	1	3	9	9	2	9	4	1	7	0	0	7	60	60	60	60	9	9	60	60	49	7	50.061
870004628	2	3	1	1	1	9	9	1	9	4	1	7	0	0	7	60	60	60	60	9	9	60	60	49	7	50.061
870004628	2	4	2	1	3	9	9	2	9	4	1	7	0	0	7	60	60	60	60	9	9	60	60	49	7	50.061
870004628	2	5	2	1	3	9	9	6	9	4	0	7	0	0	7	60	60	60	60	9	9	60	60	49	7	50.061
870004628	2	6	1	1	1	9	9	6	9	4	0	7	0	0	7	60	60	60	60	9	9	60	60	49	7	50.061
870004628	2	7	1	1	1	9	9	6	9	4	0	7	0	0	7	60	60	60	60	9	9	60	60	49	7	50.061
870004628	2	8	1	1	1	9	9	99	9	9	99	99	99	9	9	99	99	99	99	9	9	99	99	49	7	50.061
870004628	2	9	1	1	1	9	9	99	9	9	99	99	99	9	9	99	99	99	99	9	9	99	99	49	7	50.061
870004673	1	1	1	1	1	9	9	1	1	3	0	1	99	0	7	99	99	99	59	3	0	1	0	49	7	23.167
870004673	1	2	99	1	3	9	9	3	1	3	0	1	99	9	8	99	99	99	59	9	9	99	99	49	7	23.167
870004788	1	1	1	1	1	9	9	1	1	4	1	1	0	0	7	1	0	0	50	9	9	1	0	49	7	50.061
870004788	1	2	1	1	1	9	9	1	1	4	1	1	0	0	7	99	99	99	99	9	9	99	99	49	7	50.061
870004828	1	1	2	1	3	9	9	2	9	4	1	7	79	3	9	60	60	60	60	9	9	60	60	49	7	50.061
870004828	1	2	1	1	1	9	9	1	1	4	1	1	0	0	7	99	99	99	59	9	9	2	79	49	7	50.061
870004968	1	1	1	1	1	9	9	1	1	4	1	1	99	0	7	79	99	99	59	9	9	1	0	49	7	80.73
870005249	1	1	1	1	1	9	9	1	1	4	2	7	0	0	7	60	60	60	60	9	9	60	60	49	7	50.061
870005249	1	2	1	1	1	9	9	1	1	4	1	7	0	0	7	60	60	60	60	9	9	60	60	49	7	50.061
870005249	1	3	1	1	1	9	9	1	1	4	1	99	99	9	9	99	99	99	99	9	9	99	99	49	7	50.061
870005508	1	1	1	1	1	9	9	1	1	4	1	1	0	0	7	99	99	99	59	9	9	1	0	49	7	50.061
870005628	1	1	1	1	1	9	9	1	1	4	0	7	0	0	7	60	60	60	60	9	9	60	60	49	7	50.061
870005628	2	1	1	1	1	9	9	1	1	4	1	7	0	0	7	60	60	60	60	9	9	60	60	49	7	50.061
870006034	1	1	1	1	1	9	9	1	1	4	0	1	0	0	7	1	0	0	50	2	9	1	0	49	7	23.167
870006034	1	2	99	1	3	9	9	2	1	4	0	1	0	0	7	1	0	0	50	9	9	99	0	49	7	23.167
870006194	2	1	1	1	1	9	9	1	1	4	1	7	0	0	7	60	60	60	60	9	9	60	60	49	7	50.061
870006214	1	1	1	1	1	9	9	1	1	4	1	7	0	0	7	60	60	60	60	9	9	60	60	49	7	50.061
884003606	1	1	1	1	1	9	9	1	1	1	1	1	0	0	7	1	0	0	50	9	9	1	0	81	11	0
884003685	1	1	1	1	1	9	9	1	1	4	99	7	0	0	7	60	60	60	60	9	9	60	60	81	11	0
884003948	1	1	1	1	1	9	9	1	9	4	0	7	0	0	7	60	60	60	60	9	9	60	60	81	11	73.431
884004485	2	1	1	1	1	9	9	1	1	4	1	7	0	0	7	60	60	60	60	9	9	60	60	81	11	73.431
884004485	3	1	1	1	1	9	9	1	1	4	0	7	0	0	7	60	60	60	60	9	9	60	60	81	11	73.431
884004545	1	1	1	1	1	9	9	1	1	1	0	1	0	0	7	1	0	0	50	1	0	2	0	81	11	14.014
884004688	1	1	1	1	1	9	9	1	1	1	0	1	0	0	7	1	0	0	50	9	9	1	0	81	11	73.431
884004688	1	2	2	1	3	9	9	3	1	1	0	1	0	9	8	99	99	99	59	9	9	1	99	81	11	73.431
884004688	2	1	1	1	1	9	9	1	1	4	0	7	0	0	7	60	60	60	60	9	9	60	60	81	11	73.431
884004745	1	1	1	1	1	9	9	1	1	4	0	7	0	0	7	60	60	60	60	9	9	60	60	81	11	73.431
884004768	1	1	1	1	1	9	9	1	1	1	0	7	0	0	7	60	60	60	60	9	9	60	60	81	11	38.971
884005065	2	1	2	1	3	9	9	99	1	4	99	7	0	9	8	60	60	60	60	9	9	60	60	81	11	73.431
884005065	2	2	1	1	1	9	9	1	9	4	99	7	99	0	7	60	60	60	60	9	9	60	60	81	11	73.431
884005169	1	1	2	1	3	9	9	2	1	4	1	1	0	0	7	1	0	0	50	9	9	1	0	81	11	14.014
884005169	1	2	1	1	1	9	9	1	1	4	1	1	0	0	7	1	0	0	50	9	9	1	0	81	11	14.014
884005185	2	1	1	1	1	9	9	1	9	4	99	7	0	0	7	60	60	60	60	9	9	60	60	81	11	73.431
884005205	1	1	99	9	9	9	9	1	1	9	99	99	99	9	9	99	99	99	99	9	9	99	99	81	11	38.971
884005205	1	2	99	9	9	9	9	1	9	9	99	99	99	9	9	99	99	99	99	9	9	99	99	81	11	38.971
884005205	2	1	1	1	1	9	9	1	1	4	99	99	99	0	7	69	69	69	69	9	9	69	69	81	11	38.971
884005205	3	1	1	1	1	9	9	1	1	4	0	1	0	0	7	1	0	0	50	9	9	99	79	81	11	38.971
884005205	3	2	2	1	3	9	9	2	1	4	0	1	0	0	7	1	0	0	50	9	9	9	79	81	11	38.971
884005205	4	1	2	1	3	9	9	2	1	4	99	7	0	9	8	60	60	60	60	9	9	60	60	81	11	38.971
884005205	4	2	1	1	1	9	9	1	1	4	99	7	0	0	7	60	60	60	60	9	9	60	60	81	11	38.971
884005285	1	1	1	1	1	9	9	1	1	4	99	7	99	0	7	60	60	60	60	9	9	60	60	81	11	73.431
884005385	1	1	99	1	3	9	9	2	1	4	1	1	0	0	7	1	0	0	50	9	9	99	0	81	11	38.971
884005385	1	2	1	1	1	9	9	1	1	4	1	1	0	0	7	1	0	99	59	9	9	1	0	81	11	38.971
884005486	1	1	2	1	3	9	9	3	1	4	0	1	0	0	7	1	0	99	59	9	9	2	0	81	11	73.431
884005486	1	2	1	1	1	9	9	1	1	4	0	1	0	0	7	1	0	99	59	9	9	2	0	81	11	73.431
884005545	2	1	2	1	3	9	9	3	1	4	99	7	0	9	8	60	60	60	60	9	9	60	60	81	11	73.431
884005545	2	2	1	1	1	9	9	1	1	4	99	7	0	0	7	60	60	60	60	9	9	60	60	81	11	73.431
884005565	1	1	2	1	3	9	9	2	1	4	0	1	0	9	8	1	0	0	50	9	9	2	99	81	11	73.431
884005565	1	2	1	1	1	9	9	1	1	4	0	1	0	0	7	1	0	0	50	9	9	2	99	81	11	73.431
884005565	2	1	1	1	1	9	9	1	9	4	0	7	79	9	8	60	60	60	60	9	9	60	60	81	11	73.431
884005565	2	2	2	1	3	1	1	99	9	4	0	7	79	9	8	60	60	60	60	9	9	60	60	81	11	73.431
884005685	1	1	1	1	1	9	9	1	1	4	0	1	0	0	7	1	0	99	59	9	9	1	0	81	11	73.431
884005705	1	1	1	1	1	9	9	1	1	1	0	1	0	0	7	1	0	0	50	8	9	1	0	81	11	38.971
884005825	1	1	2	1	3	9	9	99	9	4	0	7	99	9	8	60	60	60	60	9	9	60	60	81	11	73.431
884005825	1	2	1	1	1	9	9	1	9	4	99	7	99	9	8	60	60	60	60	9	9	60	60	81	11	73.431
884005825	1	3	1	1	1	9	9	99	9	4	0	7	99	9	8	60	60	60	60	9	9	60	60	81	11	73.431
884005905	2	1	2	1	3	9	9	3	1	1	1	7	0	0	7	60	60	60	60	1	0	60	60	81	11	14.014
884005905	2	2	1	1	1	9	9	1	1	1	1	7	0	0	7	60	60	60	60	1	0	60	60	81	11	14.014
884005925	1	1	1	1	1	9	9	1	1	4	99	1	0	0	7	1	0	3	8	9	9	1	0	81	11	14.014
884006005	1	1	1	1	1	9	9	1	1	4	99	1	0	0	7	1	0	0	50	9	9	99	0	81	11	73.431
884006065	2	1	2	1	3	9	9	2	1	4	0	7	0	0	7	60	60	60	60	9	9	60	60	81	11	14.014
884006065	2	2	1	1	1	9	9	1	1	4	0	7	0	0	7	60	60	60	60	9	9	60	60	81	11	14.014
884006226	1	1	2	1	3	9	9	3	1	4	99	7	99	9	8	60	60	60	60	9	9	60	60	81	11	14.014
884006226	1	2	1	1	1	9	9	1	1	4	99	7	99	0	7	60	60	60	60	9	9	60	60	81	11	14.014
